0.000000e+00 1.000000e+00 1.000000e+00
1.000000e-02 1.010000e+00 1.010050e+00
2.000000e-02 1.020100e+00 1.020201e+00
3.000000e-02 1.030301e+00 1.030455e+00
4.000000e-02 1.040604e+00 1.040811e+00
5.000000e-02 1.051010e+00 1.051271e+00
6.000000e-02 1.061520e+00 1.061837e+00
7.000000e-02 1.072135e+00 1.072508e+00
8.000000e-02 1.082857e+00 1.083287e+00
9.000000e-02 1.093685e+00 1.094174e+00
1.000000e-01 1.104622e+00 1.105171e+00
1.100000e-01 1.115668e+00 1.116278e+00
1.200000e-01 1.126825e+00 1.127497e+00
1.300000e-01 1.138093e+00 1.138828e+00
1.400000e-01 1.149474e+00 1.150274e+00
1.500000e-01 1.160969e+00 1.161834e+00
1.600000e-01 1.172579e+00 1.173511e+00
1.700000e-01 1.184304e+00 1.185305e+00
1.800000e-01 1.196147e+00 1.197217e+00
1.900000e-01 1.208109e+00 1.209250e+00
2.000000e-01 1.220190e+00 1.221403e+00
2.100000e-01 1.232392e+00 1.233678e+00
2.200000e-01 1.244716e+00 1.246077e+00
2.300000e-01 1.257163e+00 1.258600e+00
2.400000e-01 1.269735e+00 1.271249e+00
2.500000e-01 1.282432e+00 1.284025e+00
2.600000e-01 1.295256e+00 1.296930e+00
2.700000e-01 1.308209e+00 1.309964e+00
2.800000e-01 1.321291e+00 1.323130e+00
2.900000e-01 1.334504e+00 1.336427e+00
3.000000e-01 1.347849e+00 1.349859e+00
3.100000e-01 1.361327e+00 1.363425e+00
3.200000e-01 1.374941e+00 1.377128e+00
3.300000e-01 1.388690e+00 1.390968e+00
3.400000e-01 1.402577e+00 1.404948e+00
3.500000e-01 1.416603e+00 1.419068e+00
3.600000e-01 1.430769e+00 1.433329e+00
3.700000e-01 1.445076e+00 1.447735e+00
3.800000e-01 1.459527e+00 1.462285e+00
3.900000e-01 1.474123e+00 1.476981e+00
4.000000e-01 1.488864e+00 1.491825e+00
4.100000e-01 1.503752e+00 1.506818e+00
4.200000e-01 1.518790e+00 1.521962e+00
4.300000e-01 1.533978e+00 1.537258e+00
4.400000e-01 1.549318e+00 1.552707e+00
4.500000e-01 1.564811e+00 1.568312e+00
4.600000e-01 1.580459e+00 1.584074e+00
4.700000e-01 1.596263e+00 1.599994e+00
4.800000e-01 1.612226e+00 1.616074e+00
4.900000e-01 1.628348e+00 1.632316e+00
5.000000e-01 1.644632e+00 1.648721e+00
5.100000e-01 1.661078e+00 1.665291e+00
5.200000e-01 1.677689e+00 1.682028e+00
5.300000e-01 1.694466e+00 1.698932e+00
5.400000e-01 1.711410e+00 1.716007e+00
5.500000e-01 1.728525e+00 1.733253e+00
5.600000e-01 1.745810e+00 1.750673e+00
5.700000e-01 1.763268e+00 1.768267e+00
5.800000e-01 1.780901e+00 1.786038e+00
5.900000e-01 1.798710e+00 1.803988e+00
6.000000e-01 1.816697e+00 1.822119e+00
6.100000e-01 1.834864e+00 1.840431e+00
6.200000e-01 1.853212e+00 1.858928e+00
6.300000e-01 1.871744e+00 1.877611e+00
6.400000e-01 1.890462e+00 1.896481e+00
6.500000e-01 1.909366e+00 1.915541e+00
6.600000e-01 1.928460e+00 1.934792e+00
6.700000e-01 1.947745e+00 1.954237e+00
6.800000e-01 1.967222e+00 1.973878e+00
6.900000e-01 1.986894e+00 1.993716e+00
7.000000e-01 2.006763e+00 2.013753e+00
7.100000e-01 2.026831e+00 2.033991e+00
7.200000e-01 2.047099e+00 2.054433e+00
7.300000e-01 2.067570e+00 2.075081e+00
7.400000e-01 2.088246e+00 2.095936e+00
7.500000e-01 2.109128e+00 2.117000e+00
7.600000e-01 2.130220e+00 2.138276e+00
7.700000e-01 2.151522e+00 2.159766e+00
7.800000e-01 2.173037e+00 2.181472e+00
7.900000e-01 2.194768e+00 2.203396e+00
8.000000e-01 2.216715e+00 2.225541e+00
8.100000e-01 2.238882e+00 2.247908e+00
8.200000e-01 2.261271e+00 2.270500e+00
8.300000e-01 2.283884e+00 2.293319e+00
8.400000e-01 2.306723e+00 2.316367e+00
8.500000e-01 2.329790e+00 2.339647e+00
8.600000e-01 2.353088e+00 2.363161e+00
8.700000e-01 2.376619e+00 2.386911e+00
8.800000e-01 2.400385e+00 2.410900e+00
8.900000e-01 2.424389e+00 2.435130e+00
9.000000e-01 2.448633e+00 2.459603e+00
9.100000e-01 2.473119e+00 2.484323e+00
9.200000e-01 2.497850e+00 2.509290e+00
9.300000e-01 2.522829e+00 2.534509e+00
9.400000e-01 2.548057e+00 2.559981e+00
9.500000e-01 2.573538e+00 2.585710e+00
9.600000e-01 2.599273e+00 2.611696e+00
9.700000e-01 2.625266e+00 2.637944e+00
9.800000e-01 2.651518e+00 2.664456e+00
9.900000e-01 2.678033e+00 2.691234e+00
1.000000e+00 2.704814e+00 2.718282e+00
1.010000e+00 2.731862e+00 2.745601e+00
1.020000e+00 2.759181e+00 2.773195e+00
1.030000e+00 2.786772e+00 2.801066e+00
1.040000e+00 2.814640e+00 2.829217e+00
1.050000e+00 2.842787e+00 2.857651e+00
1.060000e+00 2.871214e+00 2.886371e+00
1.070000e+00 2.899927e+00 2.915379e+00
1.080000e+00 2.928926e+00 2.944680e+00
1.090000e+00 2.958215e+00 2.974274e+00
1.100000e+00 2.987797e+00 3.004166e+00
1.110000e+00 3.017675e+00 3.034358e+00
1.120000e+00 3.047852e+00 3.064854e+00
1.130000e+00 3.078330e+00 3.095657e+00
1.140000e+00 3.109114e+00 3.126768e+00
1.150000e+00 3.140205e+00 3.158193e+00
1.160000e+00 3.171607e+00 3.189933e+00
1.170000e+00 3.203323e+00 3.221993e+00
1.180000e+00 3.235356e+00 3.254374e+00
1.190000e+00 3.267710e+00 3.287081e+00
1.200000e+00 3.300387e+00 3.320117e+00
1.210000e+00 3.333391e+00 3.353485e+00
1.220000e+00 3.366725e+00 3.387188e+00
1.230000e+00 3.400392e+00 3.421230e+00
1.240000e+00 3.434396e+00 3.455613e+00
1.250000e+00 3.468740e+00 3.490343e+00
1.260000e+00 3.503427e+00 3.525421e+00
1.270000e+00 3.538461e+00 3.560853e+00
1.280000e+00 3.573846e+00 3.596640e+00
1.290000e+00 3.609585e+00 3.632787e+00
1.300000e+00 3.645680e+00 3.669297e+00
1.310000e+00 3.682137e+00 3.706174e+00
1.320000e+00 3.718959e+00 3.743421e+00
1.330000e+00 3.756148e+00 3.781043e+00
1.340000e+00 3.793710e+00 3.819044e+00
1.350000e+00 3.831647e+00 3.857426e+00
1.360000e+00 3.869963e+00 3.896193e+00
1.370000e+00 3.908663e+00 3.935351e+00
1.380000e+00 3.947749e+00 3.974902e+00
1.390000e+00 3.987227e+00 4.014850e+00
1.400000e+00 4.027099e+00 4.055200e+00
1.410000e+00 4.067370e+00 4.095955e+00
1.420000e+00 4.108044e+00 4.137120e+00
1.430000e+00 4.149124e+00 4.178699e+00
1.440000e+00 4.190616e+00 4.220696e+00
1.450000e+00 4.232522e+00 4.263115e+00
1.460000e+00 4.274847e+00 4.305960e+00
1.470000e+00 4.317595e+00 4.349235e+00
1.480000e+00 4.360771e+00 4.392946e+00
1.490000e+00 4.404379e+00 4.437096e+00
1.500000e+00 4.448423e+00 4.481689e+00
1.510000e+00 4.492907e+00 4.526731e+00
1.520000e+00 4.537836e+00 4.572225e+00
1.530000e+00 4.583215e+00 4.618177e+00
1.540000e+00 4.629047e+00 4.664590e+00
1.550000e+00 4.675337e+00 4.711470e+00
1.560000e+00 4.722091e+00 4.758821e+00
1.570000e+00 4.769311e+00 4.806648e+00
1.580000e+00 4.817005e+00 4.854956e+00
1.590000e+00 4.865175e+00 4.903749e+00
1.600000e+00 4.913826e+00 4.953032e+00
1.610000e+00 4.962965e+00 5.002811e+00
1.620000e+00 5.012594e+00 5.053090e+00
1.630000e+00 5.062720e+00 5.103875e+00
1.640000e+00 5.113347e+00 5.155170e+00
1.650000e+00 5.164481e+00 5.206980e+00
1.660000e+00 5.216126e+00 5.259311e+00
1.670000e+00 5.268287e+00 5.312168e+00
1.680000e+00 5.320970e+00 5.365556e+00
1.690000e+00 5.374180e+00 5.419481e+00
1.700000e+00 5.427921e+00 5.473947e+00
1.710000e+00 5.482201e+00 5.528961e+00
1.720000e+00 5.537023e+00 5.584528e+00
1.730000e+00 5.592393e+00 5.640654e+00
1.740000e+00 5.648317e+00 5.697343e+00
1.750000e+00 5.704800e+00 5.754603e+00
1.760000e+00 5.761848e+00 5.812437e+00
1.770000e+00 5.819466e+00 5.870853e+00
1.780000e+00 5.877661e+00 5.929856e+00
1.790000e+00 5.936438e+00 5.989452e+00
1.800000e+00 5.995802e+00 6.049647e+00
1.810000e+00 6.055760e+00 6.110447e+00
1.820000e+00 6.116318e+00 6.171858e+00
1.830000e+00 6.177481e+00 6.233887e+00
1.840000e+00 6.239256e+00 6.296538e+00
1.850000e+00 6.301648e+00 6.359820e+00
1.860000e+00 6.364665e+00 6.423737e+00
1.870000e+00 6.428311e+00 6.488296e+00
1.880000e+00 6.492594e+00 6.553505e+00
1.890000e+00 6.557520e+00 6.619369e+00
1.900000e+00 6.623096e+00 6.685894e+00
1.910000e+00 6.689326e+00 6.753089e+00
1.920000e+00 6.756220e+00 6.820958e+00
1.930000e+00 6.823782e+00 6.889510e+00
1.940000e+00 6.892020e+00 6.958751e+00
1.950000e+00 6.960940e+00 7.028688e+00
1.960000e+00 7.030549e+00 7.099327e+00
1.970000e+00 7.100855e+00 7.170676e+00
1.980000e+00 7.171863e+00 7.242743e+00
1.990000e+00 7.243582e+00 7.315534e+00
2.000000e+00 7.316018e+00 7.389056e+00
2.010000e+00 7.389178e+00 7.463317e+00
2.020000e+00 7.463070e+00 7.538325e+00
2.030000e+00 7.537701e+00 7.614086e+00
2.040000e+00 7.613078e+00 7.690609e+00
2.050000e+00 7.689208e+00 7.767901e+00
2.060000e+00 7.766100e+00 7.845970e+00
2.070000e+00 7.843761e+00 7.924823e+00
2.080000e+00 7.922199e+00 8.004469e+00
2.090000e+00 8.001421e+00 8.084915e+00
2.100000e+00 8.081435e+00 8.166170e+00
2.110000e+00 8.162250e+00 8.248241e+00
2.120000e+00 8.243872e+00 8.331137e+00
2.130000e+00 8.326311e+00 8.414867e+00
2.140000e+00 8.409574e+00 8.499438e+00
2.150000e+00 8.493670e+00 8.584858e+00
2.160000e+00 8.578606e+00 8.671138e+00
2.170000e+00 8.664392e+00 8.758284e+00
2.180000e+00 8.751036e+00 8.846306e+00
2.190000e+00 8.838547e+00 8.935213e+00
2.200000e+00 8.926932e+00 9.025013e+00
2.210000e+00 9.016201e+00 9.115716e+00
2.220000e+00 9.106363e+00 9.207331e+00
2.230000e+00 9.197427e+00 9.299866e+00
2.240000e+00 9.289401e+00 9.393331e+00
2.250000e+00 9.382295e+00 9.487736e+00
2.260000e+00 9.476118e+00 9.583089e+00
2.270000e+00 9.570880e+00 9.679401e+00
2.280000e+00 9.666588e+00 9.776680e+00
2.290000e+00 9.763254e+00 9.874938e+00
2.300000e+00 9.860887e+00 9.974182e+00
2.310000e+00 9.959496e+00 1.007442e+01
2.320000e+00 1.005909e+01 1.017567e+01
2.330000e+00 1.015968e+01 1.027794e+01
2.340000e+00 1.026128e+01 1.038124e+01
2.350000e+00 1.036389e+01 1.048557e+01
2.360000e+00 1.046753e+01 1.059095e+01
2.370000e+00 1.057221e+01 1.069739e+01
2.380000e+00 1.067793e+01 1.080490e+01
2.390000e+00 1.078471e+01 1.091349e+01
2.400000e+00 1.089255e+01 1.102318e+01
2.410000e+00 1.100148e+01 1.113396e+01
2.420000e+00 1.111149e+01 1.124586e+01
2.430000e+00 1.122261e+01 1.135888e+01
2.440000e+00 1.133484e+01 1.147304e+01
2.450000e+00 1.144818e+01 1.158835e+01
2.460000e+00 1.156267e+01 1.170481e+01
2.470000e+00 1.167829e+01 1.182245e+01
2.480000e+00 1.179507e+01 1.194126e+01
2.490000e+00 1.191303e+01 1.206128e+01
2.500000e+00 1.203216e+01 1.218249e+01
2.510000e+00 1.215248e+01 1.230493e+01
2.520000e+00 1.227400e+01 1.242860e+01
2.530000e+00 1.239674e+01 1.255351e+01
2.540000e+00 1.252071e+01 1.267967e+01
2.550000e+00 1.264592e+01 1.280710e+01
2.560000e+00 1.277238e+01 1.293582e+01
2.570000e+00 1.290010e+01 1.306582e+01
2.580000e+00 1.302910e+01 1.319714e+01
2.590000e+00 1.315939e+01 1.332977e+01
2.600000e+00 1.329099e+01 1.346374e+01
2.610000e+00 1.342390e+01 1.359905e+01
2.620000e+00 1.355813e+01 1.373572e+01
2.630000e+00 1.369372e+01 1.387377e+01
2.640000e+00 1.383065e+01 1.401320e+01
2.650000e+00 1.396896e+01 1.415404e+01
2.660000e+00 1.410865e+01 1.429629e+01
2.670000e+00 1.424974e+01 1.443997e+01
2.680000e+00 1.439223e+01 1.458509e+01
2.690000e+00 1.453616e+01 1.473168e+01
2.700000e+00 1.468152e+01 1.487973e+01
2.710000e+00 1.482833e+01 1.502928e+01
2.720000e+00 1.497662e+01 1.518032e+01
2.730000e+00 1.512638e+01 1.533289e+01
2.740000e+00 1.527765e+01 1.548699e+01
2.750000e+00 1.543042e+01 1.564263e+01
2.760000e+00 1.558473e+01 1.579984e+01
2.770000e+00 1.574057e+01 1.595863e+01
2.780000e+00 1.589798e+01 1.611902e+01
2.790000e+00 1.605696e+01 1.628102e+01
2.800000e+00 1.621753e+01 1.644465e+01
2.810000e+00 1.637970e+01 1.660992e+01
2.820000e+00 1.654350e+01 1.677685e+01
2.830000e+00 1.670894e+01 1.694546e+01
2.840000e+00 1.687602e+01 1.711577e+01
2.850000e+00 1.704479e+01 1.728778e+01
2.860000e+00 1.721523e+01 1.746153e+01
2.870000e+00 1.738739e+01 1.763702e+01
2.880000e+00 1.756126e+01 1.781427e+01
2.890000e+00 1.773687e+01 1.799331e+01
2.900000e+00 1.791424e+01 1.817415e+01
2.910000e+00 1.809338e+01 1.835680e+01
2.920000e+00 1.827432e+01 1.854129e+01
2.930000e+00 1.845706e+01 1.872763e+01
2.940000e+00 1.864163e+01 1.891585e+01
2.950000e+00 1.882805e+01 1.910595e+01
2.960000e+00 1.901633e+01 1.929797e+01
2.970000e+00 1.920649e+01 1.949192e+01
2.980000e+00 1.939856e+01 1.968782e+01
2.990000e+00 1.959254e+01 1.988568e+01
3.000000e+00 1.978847e+01 2.008554e+01
3.010000e+00 1.998635e+01 2.028740e+01
3.020000e+00 2.018621e+01 2.049129e+01
3.030000e+00 2.038808e+01 2.069723e+01
3.040000e+00 2.059196e+01 2.090524e+01
3.050000e+00 2.079788e+01 2.111534e+01
3.060000e+00 2.100586e+01 2.132756e+01
3.070000e+00 2.121591e+01 2.154190e+01
3.080000e+00 2.142807e+01 2.175840e+01
3.090000e+00 2.164235e+01 2.197708e+01
3.100000e+00 2.185878e+01 2.219795e+01
3.110000e+00 2.207737e+01 2.242104e+01
3.120000e+00 2.229814e+01 2.264638e+01
3.130000e+00 2.252112e+01 2.287398e+01
3.140000e+00 2.274633e+01 2.310387e+01
3.150000e+00 2.297380e+01 2.333606e+01
3.160000e+00 2.320353e+01 2.357060e+01
3.170000e+00 2.343557e+01 2.380748e+01
3.180000e+00 2.366992e+01 2.404675e+01
3.190000e+00 2.390662e+01 2.428843e+01
3.200000e+00 2.414569e+01 2.453253e+01
3.210000e+00 2.438715e+01 2.477909e+01
3.220000e+00 2.463102e+01 2.502812e+01
3.230000e+00 2.487733e+01 2.527966e+01
3.240000e+00 2.512610e+01 2.553372e+01
3.250000e+00 2.537736e+01 2.579034e+01
3.260000e+00 2.563114e+01 2.604954e+01
3.270000e+00 2.588745e+01 2.631134e+01
3.280000e+00 2.614632e+01 2.657577e+01
3.290000e+00 2.640778e+01 2.684286e+01
3.300000e+00 2.667186e+01 2.711264e+01
3.310000e+00 2.693858e+01 2.738513e+01
3.320000e+00 2.720797e+01 2.766035e+01
3.330000e+00 2.748005e+01 2.793834e+01
3.340000e+00 2.775485e+01 2.821913e+01
3.350000e+00 2.803240e+01 2.850273e+01
3.360000e+00 2.831272e+01 2.878919e+01
3.370000e+00 2.859585e+01 2.907853e+01
3.380000e+00 2.888181e+01 2.937077e+01
3.390000e+00 2.917062e+01 2.966595e+01
3.400000e+00 2.946233e+01 2.996410e+01
3.410000e+00 2.975695e+01 3.026524e+01
3.420000e+00 3.005452e+01 3.056942e+01
3.430000e+00 3.035507e+01 3.087664e+01
3.440000e+00 3.065862e+01 3.118696e+01
3.450000e+00 3.096520e+01 3.150039e+01
3.460000e+00 3.127486e+01 3.181698e+01
3.470000e+00 3.158761e+01 3.213674e+01
3.480000e+00 3.190348e+01 3.245972e+01
3.490000e+00 3.222252e+01 3.278595e+01
3.500000e+00 3.254474e+01 3.311545e+01
3.510000e+00 3.287019e+01 3.344827e+01
3.520000e+00 3.319889e+01 3.378443e+01
3.530000e+00 3.353088e+01 3.412397e+01
3.540000e+00 3.386619e+01 3.446692e+01
3.550000e+00 3.420485e+01 3.481332e+01
3.560000e+00 3.454690e+01 3.516320e+01
3.570000e+00 3.489237e+01 3.551659e+01
3.580000e+00 3.524129e+01 3.587354e+01
3.590000e+00 3.559370e+01 3.623408e+01
3.600000e+00 3.594964e+01 3.659823e+01
3.610000e+00 3.630914e+01 3.696605e+01
3.620000e+00 3.667223e+01 3.733757e+01
3.630000e+00 3.703895e+01 3.771282e+01
3.640000e+00 3.740934e+01 3.809184e+01
3.650000e+00 3.778343e+01 3.847467e+01
3.660000e+00 3.816127e+01 3.886134e+01
3.670000e+00 3.854288e+01 3.925191e+01
3.680000e+00 3.892831e+01 3.964639e+01
3.690000e+00 3.931759e+01 4.004485e+01
3.700000e+00 3.971077e+01 4.044730e+01
3.710000e+00 4.010788e+01 4.085381e+01
3.720000e+00 4.050896e+01 4.126439e+01
3.730000e+00 4.091405e+01 4.167911e+01
3.740000e+00 4.132319e+01 4.209799e+01
3.750000e+00 4.173642e+01 4.252108e+01
3.760000e+00 4.215378e+01 4.294843e+01
3.770000e+00 4.257532e+01 4.338006e+01
3.780000e+00 4.300107e+01 4.381604e+01
3.790000e+00 4.343108e+01 4.425640e+01
3.800000e+00 4.386539e+01 4.470118e+01
3.810000e+00 4.430405e+01 4.515044e+01
3.820000e+00 4.474709e+01 4.560421e+01
3.830000e+00 4.519456e+01 4.606254e+01
3.840000e+00 4.564651e+01 4.652547e+01
3.850000e+00 4.610297e+01 4.699306e+01
3.860000e+00 4.656400e+01 4.746535e+01
3.870000e+00 4.702964e+01 4.794239e+01
3.880000e+00 4.749994e+01 4.842422e+01
3.890000e+00 4.797494e+01 4.891089e+01
3.900000e+00 4.845469e+01 4.940245e+01
3.910000e+00 4.893923e+01 4.989895e+01
3.920000e+00 4.942862e+01 5.040044e+01
3.930000e+00 4.992291e+01 5.090698e+01
3.940000e+00 5.042214e+01 5.141860e+01
3.950000e+00 5.092636e+01 5.193537e+01
3.960000e+00 5.143562e+01 5.245733e+01
3.970000e+00 5.194998e+01 5.298453e+01
3.980000e+00 5.246948e+01 5.351703e+01
3.990000e+00 5.299418e+01 5.405489e+01
4.000000e+00 5.352412e+01 5.459815e+01
4.010000e+00 5.405936e+01 5.514687e+01
4.020000e+00 5.459995e+01 5.570111e+01
4.030000e+00 5.514595e+01 5.626091e+01
4.040000e+00 5.569741e+01 5.682634e+01
4.050000e+00 5.625439e+01 5.739746e+01
4.060000e+00 5.681693e+01 5.797431e+01
4.070000e+00 5.738510e+01 5.855696e+01
4.080000e+00 5.795895e+01 5.914547e+01
4.090000e+00 5.853854e+01 5.973989e+01
4.100000e+00 5.912392e+01 6.034029e+01
4.110000e+00 5.971516e+01 6.094672e+01
4.120000e+00 6.031231e+01 6.155924e+01
4.130000e+00 6.091544e+01 6.217792e+01
4.140000e+00 6.152459e+01 6.280282e+01
4.150000e+00 6.213984e+01 6.343400e+01
4.160000e+00 6.276124e+01 6.407152e+01
4.170000e+00 6.338885e+01 6.471545e+01
4.180000e+00 6.402274e+01 6.536585e+01
4.190000e+00 6.466297e+01 6.602279e+01
4.200000e+00 6.530959e+01 6.668633e+01
4.210000e+00 6.596269e+01 6.735654e+01
4.220000e+00 6.662232e+01 6.803348e+01
4.230000e+00 6.728854e+01 6.871723e+01
4.240000e+00 6.796143e+01 6.940785e+01
4.250000e+00 6.864104e+01 7.010541e+01
4.260000e+00 6.932745e+01 7.080998e+01
4.270000e+00 7.002073e+01 7.152164e+01
4.280000e+00 7.072093e+01 7.224044e+01
4.290000e+00 7.142814e+01 7.296647e+01
4.300000e+00 7.214242e+01 7.369979e+01
4.310000e+00 7.286385e+01 7.444049e+01
4.320000e+00 7.359249e+01 7.518863e+01
4.330000e+00 7.432841e+01 7.594429e+01
4.340000e+00 7.507170e+01 7.670754e+01
4.350000e+00 7.582241e+01 7.747846e+01
4.360000e+00 7.658064e+01 7.825713e+01
4.370000e+00 7.734644e+01 7.904363e+01
4.380000e+00 7.811991e+01 7.983803e+01
4.390000e+00 7.890111e+01 8.064042e+01
4.400000e+00 7.969012e+01 8.145087e+01
4.410000e+00 8.048702e+01 8.226946e+01
4.420000e+00 8.129189e+01 8.309629e+01
4.430000e+00 8.210481e+01 8.393142e+01
4.440000e+00 8.292586e+01 8.477494e+01
4.450000e+00 8.375511e+01 8.562694e+01
4.460000e+00 8.459266e+01 8.648751e+01
4.470000e+00 8.543859e+01 8.735672e+01
4.480000e+00 8.629298e+01 8.823467e+01
4.490000e+00 8.715591e+01 8.912145e+01
4.500000e+00 8.802747e+01 9.001713e+01
4.510000e+00 8.890774e+01 9.092182e+01
4.520000e+00 8.979682e+01 9.183560e+01
4.530000e+00 9.069479e+01 9.275856e+01
4.540000e+00 9.160173e+01 9.369080e+01
4.550000e+00 9.251775e+01 9.463241e+01
4.560000e+00 9.344293e+01 9.558348e+01
4.570000e+00 9.437736e+01 9.654411e+01
4.580000e+00 9.532113e+01 9.751439e+01
4.590000e+00 9.627434e+01 9.849443e+01
4.600000e+00 9.723709e+01 9.948432e+01
4.610000e+00 9.820946e+01 1.004841e+02
4.620000e+00 9.919155e+01 1.014940e+02
4.630000e+00 1.001835e+02 1.025141e+02
4.640000e+00 1.011853e+02 1.035443e+02
4.650000e+00 1.021972e+02 1.045850e+02
4.660000e+00 1.032191e+02 1.056361e+02
4.670000e+00 1.042513e+02 1.066977e+02
4.680000e+00 1.052938e+02 1.077701e+02
4.690000e+00 1.063468e+02 1.088532e+02
4.700000e+00 1.074102e+02 1.099472e+02
4.710000e+00 1.084843e+02 1.110522e+02
4.720000e+00 1.095692e+02 1.121683e+02
4.730000e+00 1.106649e+02 1.132956e+02
4.740000e+00 1.117715e+02 1.144342e+02
4.750000e+00 1.128892e+02 1.155843e+02
4.760000e+00 1.140181e+02 1.167459e+02
4.770000e+00 1.151583e+02 1.179192e+02
4.780000e+00 1.163099e+02 1.191044e+02
4.790000e+00 1.174730e+02 1.203014e+02
4.800000e+00 1.186477e+02 1.215104e+02
4.810000e+00 1.198342e+02 1.227316e+02
4.820000e+00 1.210325e+02 1.239651e+02
4.830000e+00 1.222429e+02 1.252110e+02
4.840000e+00 1.234653e+02 1.264694e+02
4.850000e+00 1.247000e+02 1.277404e+02
4.860000e+00 1.259470e+02 1.290242e+02
4.870000e+00 1.272064e+02 1.303209e+02
4.880000e+00 1.284785e+02 1.316307e+02
4.890000e+00 1.297633e+02 1.329536e+02
4.900000e+00 1.310609e+02 1.342898e+02
4.910000e+00 1.323715e+02 1.356394e+02
4.920000e+00 1.336952e+02 1.370026e+02
4.930000e+00 1.350322e+02 1.383795e+02
4.940000e+00 1.363825e+02 1.397702e+02
4.950000e+00 1.377463e+02 1.411750e+02
4.960000e+00 1.391238e+02 1.425938e+02
4.970000e+00 1.405150e+02 1.440269e+02
4.980000e+00 1.419202e+02 1.454744e+02
4.990000e+00 1.433394e+02 1.469364e+02
5.000000e+00 1.447728e+02 1.484132e+02
5.010000e+00 1.462205e+02 1.499047e+02
5.020000e+00 1.476827e+02 1.514113e+02
5.030000e+00 1.491595e+02 1.529330e+02
5.040000e+00 1.506511e+02 1.544700e+02
5.050000e+00 1.521576e+02 1.560225e+02
5.060000e+00 1.536792e+02 1.575905e+02
5.070000e+00 1.552160e+02 1.591743e+02
5.080000e+00 1.567682e+02 1.607741e+02
5.090000e+00 1.583358e+02 1.623899e+02
5.100000e+00 1.599192e+02 1.640219e+02
5.110000e+00 1.615184e+02 1.656704e+02
5.120000e+00 1.631336e+02 1.673354e+02
5.130000e+00 1.647649e+02 1.690171e+02
5.140000e+00 1.664126e+02 1.707158e+02
5.150000e+00 1.680767e+02 1.724315e+02
5.160000e+00 1.697575e+02 1.741645e+02
5.170000e+00 1.714550e+02 1.759148e+02
5.180000e+00 1.731696e+02 1.776828e+02
5.190000e+00 1.749013e+02 1.794686e+02
5.200000e+00 1.766503e+02 1.812722e+02
5.210000e+00 1.784168e+02 1.830941e+02
5.220000e+00 1.802010e+02 1.849342e+02
5.230000e+00 1.820030e+02 1.867928e+02
5.240000e+00 1.838230e+02 1.886701e+02
5.250000e+00 1.856612e+02 1.905663e+02
5.260000e+00 1.875178e+02 1.924815e+02
5.270000e+00 1.893930e+02 1.944160e+02
5.280000e+00 1.912870e+02 1.963699e+02
5.290000e+00 1.931998e+02 1.983434e+02
5.300000e+00 1.951318e+02 2.003368e+02
5.310000e+00 1.970831e+02 2.023502e+02
5.320000e+00 1.990540e+02 2.043839e+02
5.330000e+00 2.010445e+02 2.064380e+02
5.340000e+00 2.030550e+02 2.085127e+02
5.350000e+00 2.050855e+02 2.106083e+02
5.360000e+00 2.071364e+02 2.127249e+02
5.370000e+00 2.092077e+02 2.148629e+02
5.380000e+00 2.112998e+02 2.170223e+02
5.390000e+00 2.134128e+02 2.192034e+02
5.400000e+00 2.155469e+02 2.214064e+02
5.410000e+00 2.177024e+02 2.236316e+02
5.420000e+00 2.198794e+02 2.258791e+02
5.430000e+00 2.220782e+02 2.281492e+02
5.440000e+00 2.242990e+02 2.304422e+02
5.450000e+00 2.265420e+02 2.327582e+02
5.460000e+00 2.288074e+02 2.350974e+02
5.470000e+00 2.310955e+02 2.374602e+02
5.480000e+00 2.334064e+02 2.398467e+02
5.490000e+00 2.357405e+02 2.422572e+02
5.500000e+00 2.380979e+02 2.446919e+02
5.510000e+00 2.404789e+02 2.471511e+02
5.520000e+00 2.428837e+02 2.496350e+02
5.530000e+00 2.453125e+02 2.521439e+02
5.540000e+00 2.477656e+02 2.546780e+02
5.550000e+00 2.502433e+02 2.572376e+02
5.560000e+00 2.527457e+02 2.598228e+02
5.570000e+00 2.552732e+02 2.624341e+02
5.580000e+00 2.578259e+02 2.650716e+02
5.590000e+00 2.604042e+02 2.677356e+02
5.600000e+00 2.630082e+02 2.704264e+02
5.610000e+00 2.656383e+02 2.731442e+02
5.620000e+00 2.682947e+02 2.758894e+02
5.630000e+00 2.709776e+02 2.786621e+02
5.640000e+00 2.736874e+02 2.814627e+02
5.650000e+00 2.764243e+02 2.842915e+02
5.660000e+00 2.791885e+02 2.871486e+02
5.670000e+00 2.819804e+02 2.900345e+02
5.680000e+00 2.848002e+02 2.929494e+02
5.690000e+00 2.876482e+02 2.958936e+02
5.700000e+00 2.905247e+02 2.988674e+02
5.710000e+00 2.934299e+02 3.018711e+02
5.720000e+00 2.963642e+02 3.049049e+02
5.730000e+00 2.993279e+02 3.079693e+02
5.740000e+00 3.023212e+02 3.110644e+02
5.750000e+00 3.053444e+02 3.141907e+02
5.760000e+00 3.083978e+02 3.173483e+02
5.770000e+00 3.114818e+02 3.205377e+02
5.780000e+00 3.145966e+02 3.237592e+02
5.790000e+00 3.177426e+02 3.270130e+02
5.800000e+00 3.209200e+02 3.302996e+02
5.810000e+00 3.241292e+02 3.336191e+02
5.820000e+00 3.273705e+02 3.369721e+02
5.830000e+00 3.306442e+02 3.403587e+02
5.840000e+00 3.339506e+02 3.437793e+02
5.850000e+00 3.372902e+02 3.472344e+02
5.860000e+00 3.406631e+02 3.507241e+02
5.870000e+00 3.440697e+02 3.542490e+02
5.880000e+00 3.475104e+02 3.578092e+02
5.890000e+00 3.509855e+02 3.614053e+02
5.900000e+00 3.544953e+02 3.650375e+02
5.910000e+00 3.580403e+02 3.687062e+02
5.920000e+00 3.616207e+02 3.724117e+02
5.930000e+00 3.652369e+02 3.761545e+02
5.940000e+00 3.688893e+02 3.799349e+02
5.950000e+00 3.725782e+02 3.837533e+02
5.960000e+00 3.763039e+02 3.876101e+02
5.970000e+00 3.800670e+02 3.915057e+02
5.980000e+00 3.838677e+02 3.954404e+02
5.990000e+00 3.877063e+02 3.994146e+02
6.000000e+00 3.915834e+02 4.034288e+02
6.010000e+00 3.954992e+02 4.074833e+02
6.020000e+00 3.994542e+02 4.115786e+02
6.030000e+00 4.034488e+02 4.157150e+02
6.040000e+00 4.074833e+02 4.198930e+02
6.050000e+00 4.115581e+02 4.241130e+02
6.060000e+00 4.156737e+02 4.283754e+02
6.070000e+00 4.198304e+02 4.326807e+02
6.080000e+00 4.240287e+02 4.370292e+02
6.090000e+00 4.282690e+02 4.414214e+02
6.100000e+00 4.325517e+02 4.458578e+02
6.110000e+00 4.368772e+02 4.503387e+02
6.120000e+00 4.412460e+02 4.548647e+02
6.130000e+00 4.456584e+02 4.594362e+02
6.140000e+00 4.501150e+02 4.640536e+02
6.150000e+00 4.546162e+02 4.687174e+02
6.160000e+00 4.591623e+02 4.734281e+02
6.170000e+00 4.637540e+02 4.781861e+02
6.180000e+00 4.683915e+02 4.829920e+02
6.190000e+00 4.730754e+02 4.878461e+02
6.200000e+00 4.778062e+02 4.927490e+02
6.210000e+00 4.825842e+02 4.977013e+02
6.220000e+00 4.874101e+02 5.027032e+02
6.230000e+00 4.922842e+02 5.077555e+02
6.240000e+00 4.972070e+02 5.128585e+02
6.250000e+00 5.021791e+02 5.180128e+02
6.260000e+00 5.072009e+02 5.232189e+02
6.270000e+00 5.122729e+02 5.284774e+02
6.280000e+00 5.173956e+02 5.337887e+02
6.290000e+00 5.225696e+02 5.391533e+02
6.300000e+00 5.277953e+02 5.445719e+02
6.310000e+00 5.330732e+02 5.500449e+02
6.320000e+00 5.384039e+02 5.555730e+02
6.330000e+00 5.437880e+02 5.611566e+02
6.340000e+00 5.492259e+02 5.667963e+02
6.350000e+00 5.547181e+02 5.724927e+02
6.360000e+00 5.602653e+02 5.782464e+02
6.370000e+00 5.658680e+02 5.840578e+02
6.380000e+00 5.715266e+02 5.899277e+02
6.390000e+00 5.772419e+02 5.958566e+02
6.400000e+00 5.830143e+02 6.018450e+02
6.410000e+00 5.888445e+02 6.078937e+02
6.420000e+00 5.947329e+02 6.140031e+02
6.430000e+00 6.006802e+02 6.201739e+02
6.440000e+00 6.066870e+02 6.264068e+02
6.450000e+00 6.127539e+02 6.327023e+02
6.460000e+00 6.188814e+02 6.390611e+02
6.470000e+00 6.250703e+02 6.454837e+02
6.480000e+00 6.313210e+02 6.519709e+02
6.490000e+00 6.376342e+02 6.585234e+02
6.500000e+00 6.440105e+02 6.651416e+02
6.510000e+00 6.504506e+02 6.718264e+02
6.520000e+00 6.569551e+02 6.785784e+02
6.530000e+00 6.635247e+02 6.853982e+02
6.540000e+00 6.701599e+02 6.922866e+02
6.550000e+00 6.768615e+02 6.992442e+02
6.560000e+00 6.836301e+02 7.062717e+02
6.570000e+00 6.904664e+02 7.133698e+02
6.580000e+00 6.973711e+02 7.205393e+02
6.590000e+00 7.043448e+02 7.277809e+02
6.600000e+00 7.113883e+02 7.350952e+02
6.610000e+00 7.185021e+02 7.424830e+02
6.620000e+00 7.256872e+02 7.499451e+02
6.630000e+00 7.329440e+02 7.574822e+02
6.640000e+00 7.402735e+02 7.650950e+02
6.650000e+00 7.476762e+02 7.727843e+02
6.660000e+00 7.551530e+02 7.805509e+02
6.670000e+00 7.627045e+02 7.883956e+02
6.680000e+00 7.703316e+02 7.963191e+02
6.690000e+00 7.780349e+02 8.043223e+02
6.700000e+00 7.858152e+02 8.124058e+02
6.710000e+00 7.936734e+02 8.205706e+02
6.720000e+00 8.016101e+02 8.288175e+02
6.730000e+00 8.096262e+02 8.371473e+02
6.740000e+00 8.177225e+02 8.455607e+02
6.750000e+00 8.258997e+02 8.540588e+02
6.760000e+00 8.341587e+02 8.626422e+02
6.770000e+00 8.425003e+02 8.713119e+02
6.780000e+00 8.509253e+02 8.800687e+02
6.790000e+00 8.594345e+02 8.889136e+02
6.800000e+00 8.680289e+02 8.978473e+02
6.810000e+00 8.767092e+02 9.068708e+02
6.820000e+00 8.854763e+02 9.159850e+02
6.830000e+00 8.943310e+02 9.251908e+02
6.840000e+00 9.032743e+02 9.344891e+02
6.850000e+00 9.123071e+02 9.438809e+02
6.860000e+00 9.214301e+02 9.533671e+02
6.870000e+00 9.306444e+02 9.629486e+02
6.880000e+00 9.399509e+02 9.726264e+02
6.890000e+00 9.493504e+02 9.824014e+02
6.900000e+00 9.588439e+02 9.922747e+02
6.910000e+00 9.684323e+02 1.002247e+03
6.920000e+00 9.781167e+02 1.012320e+03
6.930000e+00 9.878978e+02 1.022494e+03
6.940000e+00 9.977768e+02 1.032770e+03
6.950000e+00 1.007755e+03 1.043150e+03
6.960000e+00 1.017832e+03 1.053634e+03
6.970000e+00 1.028010e+03 1.064223e+03
6.980000e+00 1.038291e+03 1.074918e+03
6.990000e+00 1.048673e+03 1.085721e+03
7.000000e+00 1.059160e+03 1.096633e+03
7.010000e+00 1.069752e+03 1.107655e+03
7.020000e+00 1.080449e+03 1.118787e+03
7.030000e+00 1.091254e+03 1.130031e+03
7.040000e+00 1.102166e+03 1.141388e+03
7.050000e+00 1.113188e+03 1.152859e+03
7.060000e+00 1.124320e+03 1.164445e+03
7.070000e+00 1.135563e+03 1.176148e+03
7.080000e+00 1.146919e+03 1.187969e+03
7.090000e+00 1.158388e+03 1.199908e+03
7.100000e+00 1.169972e+03 1.211967e+03
7.110000e+00 1.181671e+03 1.224148e+03
7.120000e+00 1.193488e+03 1.236450e+03
7.130000e+00 1.205423e+03 1.248877e+03
7.140000e+00 1.217477e+03 1.261428e+03
7.150000e+00 1.229652e+03 1.274106e+03
7.160000e+00 1.241949e+03 1.286911e+03
7.170000e+00 1.254368e+03 1.299845e+03
7.180000e+00 1.266912e+03 1.312908e+03
7.190000e+00 1.279581e+03 1.326103e+03
7.200000e+00 1.292377e+03 1.339431e+03
7.210000e+00 1.305300e+03 1.352892e+03
7.220000e+00 1.318353e+03 1.366489e+03
7.230000e+00 1.331537e+03 1.380223e+03
7.240000e+00 1.344852e+03 1.394094e+03
7.250000e+00 1.358301e+03 1.408105e+03
7.260000e+00 1.371884e+03 1.422257e+03
7.270000e+00 1.385603e+03 1.436550e+03
7.280000e+00 1.399459e+03 1.450988e+03
7.290000e+00 1.413453e+03 1.465571e+03
7.300000e+00 1.427588e+03 1.480300e+03
7.310000e+00 1.441864e+03 1.495177e+03
7.320000e+00 1.456282e+03 1.510204e+03
7.330000e+00 1.470845e+03 1.525382e+03
7.340000e+00 1.485554e+03 1.540712e+03
7.350000e+00 1.500409e+03 1.556197e+03
7.360000e+00 1.515413e+03 1.571837e+03
7.370000e+00 1.530567e+03 1.587634e+03
7.380000e+00 1.545873e+03 1.603590e+03
7.390000e+00 1.561332e+03 1.619706e+03
7.400000e+00 1.576945e+03 1.635984e+03
7.410000e+00 1.592715e+03 1.652426e+03
7.420000e+00 1.608642e+03 1.669034e+03
7.430000e+00 1.624728e+03 1.685808e+03
7.440000e+00 1.640975e+03 1.702750e+03
7.450000e+00 1.657385e+03 1.719863e+03
7.460000e+00 1.673959e+03 1.737148e+03
7.470000e+00 1.690699e+03 1.754607e+03
7.480000e+00 1.707606e+03 1.772241e+03
7.490000e+00 1.724682e+03 1.790052e+03
7.500000e+00 1.741929e+03 1.808042e+03
7.510000e+00 1.759348e+03 1.826214e+03
7.520000e+00 1.776941e+03 1.844567e+03
7.530000e+00 1.794711e+03 1.863106e+03
7.540000e+00 1.812658e+03 1.881830e+03
7.550000e+00 1.830784e+03 1.900743e+03
7.560000e+00 1.849092e+03 1.919846e+03
7.570000e+00 1.867583e+03 1.939140e+03
7.580000e+00 1.886259e+03 1.958629e+03
7.590000e+00 1.905122e+03 1.978314e+03
7.600000e+00 1.924173e+03 1.998196e+03
7.610000e+00 1.943415e+03 2.018278e+03
7.620000e+00 1.962849e+03 2.038562e+03
7.630000e+00 1.982477e+03 2.059050e+03
7.640000e+00 2.002302e+03 2.079744e+03
7.650000e+00 2.022325e+03 2.100646e+03
7.660000e+00 2.042548e+03 2.121757e+03
7.670000e+00 2.062974e+03 2.143081e+03
7.680000e+00 2.083603e+03 2.164620e+03
7.690000e+00 2.104439e+03 2.186375e+03
7.700000e+00 2.125484e+03 2.208348e+03
7.710000e+00 2.146739e+03 2.230542e+03
7.720000e+00 2.168206e+03 2.252960e+03
7.730000e+00 2.189888e+03 2.275602e+03
7.740000e+00 2.211787e+03 2.298472e+03
7.750000e+00 2.233905e+03 2.321572e+03
7.760000e+00 2.256244e+03 2.344905e+03
7.770000e+00 2.278806e+03 2.368471e+03
7.780000e+00 2.301594e+03 2.392275e+03
7.790000e+00 2.324610e+03 2.416318e+03
7.800000e+00 2.347857e+03 2.440602e+03
7.810000e+00 2.371335e+03 2.465130e+03
7.820000e+00 2.395048e+03 2.489905e+03
7.830000e+00 2.418999e+03 2.514929e+03
7.840000e+00 2.443189e+03 2.540205e+03
7.850000e+00 2.467621e+03 2.565734e+03
7.860000e+00 2.492297e+03 2.591520e+03
7.870000e+00 2.517220e+03 2.617566e+03
7.880000e+00 2.542392e+03 2.643873e+03
7.890000e+00 2.567816e+03 2.670444e+03
7.900000e+00 2.593494e+03 2.697282e+03
7.910000e+00 2.619429e+03 2.724390e+03
7.920000e+00 2.645623e+03 2.751771e+03
7.930000e+00 2.672080e+03 2.779427e+03
7.940000e+00 2.698801e+03 2.807361e+03
7.950000e+00 2.725789e+03 2.835575e+03
7.960000e+00 2.753046e+03 2.864073e+03
7.970000e+00 2.780577e+03 2.892857e+03
7.980000e+00 2.808383e+03 2.921931e+03
7.990000e+00 2.836466e+03 2.951297e+03
8.000000e+00 2.864831e+03 2.980958e+03
8.010000e+00 2.893479e+03 3.010917e+03
8.020000e+00 2.922414e+03 3.041177e+03
8.030000e+00 2.951638e+03 3.071742e+03
8.040000e+00 2.981155e+03 3.102613e+03
8.050000e+00 3.010966e+03 3.133795e+03
8.060000e+00 3.041076e+03 3.165290e+03
8.070000e+00 3.071487e+03 3.197102e+03
8.080000e+00 3.102202e+03 3.229233e+03
8.090000e+00 3.133224e+03 3.261688e+03
8.100000e+00 3.164556e+03 3.294468e+03
8.110000e+00 3.196201e+03 3.327578e+03
8.120000e+00 3.228163e+03 3.361021e+03
8.130000e+00 3.260445e+03 3.394800e+03
8.140000e+00 3.293050e+03 3.428918e+03
8.150000e+00 3.325980e+03 3.463379e+03
8.160000e+00 3.359240e+03 3.498187e+03
8.170000e+00 3.392832e+03 3.533344e+03
8.180000e+00 3.426761e+03 3.568855e+03
8.190000e+00 3.461028e+03 3.604722e+03
8.200000e+00 3.495638e+03 3.640950e+03
8.210000e+00 3.530595e+03 3.677542e+03
8.220000e+00 3.565901e+03 3.714502e+03
8.230000e+00 3.601560e+03 3.751834e+03
8.240000e+00 3.637575e+03 3.789540e+03
8.250000e+00 3.673951e+03 3.827626e+03
8.260000e+00 3.710691e+03 3.866094e+03
8.270000e+00 3.747798e+03 3.904949e+03
8.280000e+00 3.785275e+03 3.944194e+03
8.290000e+00 3.823128e+03 3.983834e+03
8.300000e+00 3.861360e+03 4.023872e+03
8.310000e+00 3.899973e+03 4.064313e+03
8.320000e+00 3.938973e+03 4.105160e+03
8.330000e+00 3.978363e+03 4.146418e+03
8.340000e+00 4.018146e+03 4.188090e+03
8.350000e+00 4.058328e+03 4.230181e+03
8.360000e+00 4.098911e+03 4.272695e+03
8.370000e+00 4.139900e+03 4.315636e+03
8.380000e+00 4.181299e+03 4.359009e+03
8.390000e+00 4.223112e+03 4.402818e+03
8.400000e+00 4.265343e+03 4.447067e+03
8.410000e+00 4.307997e+03 4.491761e+03
8.420000e+00 4.351077e+03 4.536903e+03
8.430000e+00 4.394587e+03 4.582500e+03
8.440000e+00 4.438533e+03 4.628555e+03
8.450000e+00 4.482919e+03 4.675073e+03
8.460000e+00 4.527748e+03 4.722058e+03
8.470000e+00 4.573025e+03 4.769515e+03
8.480000e+00 4.618755e+03 4.817450e+03
8.490000e+00 4.664943e+03 4.865866e+03
8.500000e+00 4.711592e+03 4.914769e+03
8.510000e+00 4.758708e+03 4.964163e+03
8.520000e+00 4.806295e+03 5.014054e+03
8.530000e+00 4.854358e+03 5.064446e+03
8.540000e+00 4.902902e+03 5.115344e+03
8.550000e+00 4.951931e+03 5.166754e+03
8.560000e+00 5.001450e+03 5.218681e+03
8.570000e+00 5.051465e+03 5.271130e+03
8.580000e+00 5.101979e+03 5.324106e+03
8.590000e+00 5.152999e+03 5.377614e+03
8.600000e+00 5.204529e+03 5.431660e+03
8.610000e+00 5.256575e+03 5.486249e+03
8.620000e+00 5.309140e+03 5.541386e+03
8.630000e+00 5.362232e+03 5.597078e+03
8.640000e+00 5.415854e+03 5.653330e+03
8.650000e+00 5.470013e+03 5.710147e+03
8.660000e+00 5.524713e+03 5.767535e+03
8.670000e+00 5.579960e+03 5.825499e+03
8.680000e+00 5.635759e+03 5.884047e+03
8.690000e+00 5.692117e+03 5.943182e+03
8.700000e+00 5.749038e+03 6.002912e+03
8.710000e+00 5.806529e+03 6.063242e+03
8.720000e+00 5.864594e+03 6.124179e+03
8.730000e+00 5.923240e+03 6.185728e+03
8.740000e+00 5.982472e+03 6.247896e+03
8.750000e+00 6.042297e+03 6.310688e+03
8.760000e+00 6.102720e+03 6.374112e+03
8.770000e+00 6.163747e+03 6.438172e+03
8.780000e+00 6.225385e+03 6.502877e+03
8.790000e+00 6.287638e+03 6.568232e+03
8.800000e+00 6.350515e+03 6.634244e+03
8.810000e+00 6.414020e+03 6.700919e+03
8.820000e+00 6.478160e+03 6.768265e+03
8.830000e+00 6.542942e+03 6.836287e+03
8.840000e+00 6.608371e+03 6.904993e+03
8.850000e+00 6.674455e+03 6.974389e+03
8.860000e+00 6.741199e+03 7.044483e+03
8.870000e+00 6.808611e+03 7.115281e+03
8.880000e+00 6.876697e+03 7.186791e+03
8.890000e+00 6.945464e+03 7.259019e+03
8.900000e+00 7.014919e+03 7.331974e+03
8.910000e+00 7.085068e+03 7.405661e+03
8.920000e+00 7.155919e+03 7.480089e+03
8.930000e+00 7.227478e+03 7.555265e+03
8.940000e+00 7.299753e+03 7.631197e+03
8.950000e+00 7.372750e+03 7.707892e+03
8.960000e+00 7.446478e+03 7.785357e+03
8.970000e+00 7.520943e+03 7.863602e+03
8.980000e+00 7.596152e+03 7.942632e+03
8.990000e+00 7.672114e+03 8.022457e+03
9.000000e+00 7.748835e+03 8.103084e+03
9.010000e+00 7.826323e+03 8.184521e+03
9.020000e+00 7.904586e+03 8.266777e+03
9.030000e+00 7.983632e+03 8.349860e+03
9.040000e+00 8.063469e+03 8.433777e+03
9.050000e+00 8.144103e+03 8.518538e+03
9.060000e+00 8.225544e+03 8.604151e+03
9.070000e+00 8.307800e+03 8.690624e+03
9.080000e+00 8.390878e+03 8.777966e+03
9.090000e+00 8.474787e+03 8.866186e+03
9.100000e+00 8.559534e+03 8.955293e+03
9.110000e+00 8.645130e+03 9.045295e+03
9.120000e+00 8.731581e+03 9.136202e+03
9.130000e+00 8.818897e+03 9.228022e+03
9.140000e+00 8.907086e+03 9.320765e+03
9.150000e+00 8.996157e+03 9.414440e+03
9.160000e+00 9.086118e+03 9.509057e+03
9.170000e+00 9.176979e+03 9.604625e+03
9.180000e+00 9.268749e+03 9.701153e+03
9.190000e+00 9.361437e+03 9.798651e+03
9.200000e+00 9.455051e+03 9.897129e+03
9.210000e+00 9.549602e+03 9.996597e+03
9.220000e+00 9.645098e+03 1.009706e+04
9.230000e+00 9.741549e+03 1.019854e+04
9.240000e+00 9.838964e+03 1.030104e+04
9.250000e+00 9.937354e+03 1.040457e+04
9.260000e+00 1.003673e+04 1.050913e+04
9.270000e+00 1.013709e+04 1.061475e+04
9.280000e+00 1.023847e+04 1.072143e+04
9.290000e+00 1.034085e+04 1.082918e+04
9.300000e+00 1.044426e+04 1.093802e+04
9.310000e+00 1.054870e+04 1.104795e+04
9.320000e+00 1.065419e+04 1.115898e+04
9.330000e+00 1.076073e+04 1.127113e+04
9.340000e+00 1.086834e+04 1.138441e+04
9.350000e+00 1.097702e+04 1.149882e+04
9.360000e+00 1.108679e+04 1.161439e+04
9.370000e+00 1.119766e+04 1.173112e+04
9.380000e+00 1.130964e+04 1.184901e+04
9.390000e+00 1.142273e+04 1.196810e+04
9.400000e+00 1.153696e+04 1.208838e+04
9.410000e+00 1.165233e+04 1.220987e+04
9.420000e+00 1.176885e+04 1.233258e+04
9.430000e+00 1.188654e+04 1.245653e+04
9.440000e+00 1.200541e+04 1.258172e+04
9.450000e+00 1.212546e+04 1.270817e+04
9.460000e+00 1.224671e+04 1.283588e+04
9.470000e+00 1.236918e+04 1.296489e+04
9.480000e+00 1.249287e+04 1.309519e+04
9.490000e+00 1.261780e+04 1.322680e+04
9.500000e+00 1.274398e+04 1.335973e+04
9.510000e+00 1.287142e+04 1.349399e+04
9.520000e+00 1.300013e+04 1.362961e+04
9.530000e+00 1.313014e+04 1.376659e+04
9.540000e+00 1.326144e+04 1.390495e+04
9.550000e+00 1.339405e+04 1.404469e+04
9.560000e+00 1.352799e+04 1.418585e+04
9.570000e+00 1.366327e+04 1.432842e+04
9.580000e+00 1.379990e+04 1.447242e+04
9.590000e+00 1.393790e+04 1.461787e+04
9.600000e+00 1.407728e+04 1.476478e+04
9.610000e+00 1.421806e+04 1.491317e+04
9.620000e+00 1.436024e+04 1.506305e+04
9.630000e+00 1.450384e+04 1.521444e+04
9.640000e+00 1.464888e+04 1.536734e+04
9.650000e+00 1.479537e+04 1.552179e+04
9.660000e+00 1.494332e+04 1.567778e+04
9.670000e+00 1.509275e+04 1.583535e+04
9.680000e+00 1.524368e+04 1.599450e+04
9.690000e+00 1.539612e+04 1.615524e+04
9.700000e+00 1.555008e+04 1.631761e+04
9.710000e+00 1.570558e+04 1.648160e+04
9.720000e+00 1.586263e+04 1.664724e+04
9.730000e+00 1.602126e+04 1.681455e+04
9.740000e+00 1.618147e+04 1.698354e+04
9.750000e+00 1.634329e+04 1.715423e+04
9.760000e+00 1.650672e+04 1.732663e+04
9.770000e+00 1.667179e+04 1.750077e+04
9.780000e+00 1.683851e+04 1.767665e+04
9.790000e+00 1.700689e+04 1.785431e+04
9.800000e+00 1.717696e+04 1.803374e+04
9.810000e+00 1.734873e+04 1.821499e+04
9.820000e+00 1.752222e+04 1.839805e+04
9.830000e+00 1.769744e+04 1.858295e+04
9.840000e+00 1.787441e+04 1.876972e+04
9.850000e+00 1.805316e+04 1.895835e+04
9.860000e+00 1.823369e+04 1.914889e+04
9.870000e+00 1.841603e+04 1.934134e+04
9.880000e+00 1.860019e+04 1.953572e+04
9.890000e+00 1.878619e+04 1.973206e+04
9.900000e+00 1.897405e+04 1.993037e+04
9.910000e+00 1.916379e+04 2.013067e+04
9.920000e+00 1.935543e+04 2.033299e+04
9.930000e+00 1.954898e+04 2.053734e+04
9.940000e+00 1.974447e+04 2.074374e+04
9.950000e+00 1.994192e+04 2.095222e+04
9.960000e+00 2.014134e+04 2.116280e+04
9.970000e+00 2.034275e+04 2.137549e+04
9.980000e+00 2.054618e+04 2.159031e+04
9.990000e+00 2.075164e+04 2.180730e+04
1.000000e+01 2.095916e+04 2.202647e+04
1.001000e+01 2.116875e+04 2.224784e+04
1.002000e+01 2.138043e+04 2.247143e+04
1.003000e+01 2.159424e+04 2.269727e+04
1.004000e+01 2.181018e+04 2.292538e+04
1.005000e+01 2.202828e+04 2.315579e+04
1.006000e+01 2.224857e+04 2.338851e+04
1.007000e+01 2.247105e+04 2.362356e+04
1.008000e+01 2.269576e+04 2.386099e+04
1.009000e+01 2.292272e+04 2.410079e+04
1.010000e+01 2.315195e+04 2.434301e+04
1.011000e+01 2.338347e+04 2.458766e+04
1.012000e+01 2.361730e+04 2.483477e+04
1.013000e+01 2.385347e+04 2.508436e+04
1.014000e+01 2.409201e+04 2.533647e+04
1.015000e+01 2.433293e+04 2.559110e+04
1.016000e+01 2.457626e+04 2.584830e+04
1.017000e+01 2.482202e+04 2.610808e+04
1.018000e+01 2.507024e+04 2.637047e+04
1.019000e+01 2.532094e+04 2.663549e+04
1.020000e+01 2.557415e+04 2.690319e+04
1.021000e+01 2.582989e+04 2.717357e+04
1.022000e+01 2.608819e+04 2.744667e+04
1.023000e+01 2.634908e+04 2.772251e+04
1.024000e+01 2.661257e+04 2.800113e+04
1.025000e+01 2.687869e+04 2.828254e+04
1.026000e+01 2.714748e+04 2.856679e+04
1.027000e+01 2.741895e+04 2.885389e+04
1.028000e+01 2.769314e+04 2.914387e+04
1.029000e+01 2.797007e+04 2.943677e+04
1.030000e+01 2.824978e+04 2.973262e+04
1.031000e+01 2.853227e+04 3.003144e+04
1.032000e+01 2.881760e+04 3.033326e+04
1.033000e+01 2.910577e+04 3.063811e+04
1.034000e+01 2.939683e+04 3.094603e+04
1.035000e+01 2.969080e+04 3.125704e+04
1.036000e+01 2.998771e+04 3.157118e+04
1.037000e+01 3.028758e+04 3.188848e+04
1.038000e+01 3.059046e+04 3.220896e+04
1.039000e+01 3.089636e+04 3.253267e+04
1.040000e+01 3.120533e+04 3.285963e+04
1.041000e+01 3.151738e+04 3.318987e+04
1.042000e+01 3.183255e+04 3.352343e+04
1.043000e+01 3.215088e+04 3.386035e+04
1.044000e+01 3.247239e+04 3.420065e+04
1.045000e+01 3.279711e+04 3.454437e+04
1.046000e+01 3.312508e+04 3.489155e+04
1.047000e+01 3.345633e+04 3.524222e+04
1.048000e+01 3.379090e+04 3.559641e+04
1.049000e+01 3.412881e+04 3.595416e+04
1.050000e+01 3.447009e+04 3.631550e+04
1.051000e+01 3.481480e+04 3.668048e+04
1.052000e+01 3.516294e+04 3.704912e+04
1.053000e+01 3.551457e+04 3.742147e+04
1.054000e+01 3.586972e+04 3.779757e+04
1.055000e+01 3.622842e+04 3.817744e+04
1.056000e+01 3.659070e+04 3.856113e+04
1.057000e+01 3.695661e+04 3.894867e+04
1.058000e+01 3.732617e+04 3.934011e+04
1.059000e+01 3.769943e+04 3.973549e+04
1.060000e+01 3.807643e+04 4.013484e+04
1.061000e+01 3.845719e+04 4.053820e+04
1.062000e+01 3.884177e+04 4.094561e+04
1.063000e+01 3.923018e+04 4.135713e+04
1.064000e+01 3.962248e+04 4.177277e+04
1.065000e+01 4.001871e+04 4.219259e+04
1.066000e+01 4.041890e+04 4.261664e+04
1.067000e+01 4.082309e+04 4.304494e+04
1.068000e+01 4.123132e+04 4.347755e+04
1.069000e+01 4.164363e+04 4.391451e+04
1.070000e+01 4.206007e+04 4.435586e+04
1.071000e+01 4.248067e+04 4.480164e+04
1.072000e+01 4.290547e+04 4.525190e+04
1.073000e+01 4.333453e+04 4.570669e+04
1.074000e+01 4.376787e+04 4.616605e+04
1.075000e+01 4.420555e+04 4.663003e+04
1.076000e+01 4.464761e+04 4.709867e+04
1.077000e+01 4.509408e+04 4.757202e+04
1.078000e+01 4.554502e+04 4.805012e+04
1.079000e+01 4.600047e+04 4.853304e+04
1.080000e+01 4.646048e+04 4.902080e+04
1.081000e+01 4.692508e+04 4.951347e+04
1.082000e+01 4.739433e+04 5.001109e+04
1.083000e+01 4.786828e+04 5.051371e+04
1.084000e+01 4.834696e+04 5.102138e+04
1.085000e+01 4.883043e+04 5.153415e+04
1.086000e+01 4.931873e+04 5.205208e+04
1.087000e+01 4.981192e+04 5.257521e+04
1.088000e+01 5.031004e+04 5.310360e+04
1.089000e+01 5.081314e+04 5.363730e+04
1.090000e+01 5.132127e+04 5.417636e+04
1.091000e+01 5.183449e+04 5.472085e+04
1.092000e+01 5.235283e+04 5.527080e+04
1.093000e+01 5.287636e+04 5.582628e+04
1.094000e+01 5.340512e+04 5.638734e+04
1.095000e+01 5.393917e+04 5.695405e+04
1.096000e+01 5.447857e+04 5.752644e+04
1.097000e+01 5.502335e+04 5.810459e+04
1.098000e+01 5.557358e+04 5.868855e+04
1.099000e+01 5.612932e+04 5.927838e+04
1.100000e+01 5.669061e+04 5.987414e+04
1.101000e+01 5.725752e+04 6.047589e+04
1.102000e+01 5.783010e+04 6.108368e+04
1.103000e+01 5.840840e+04 6.169758e+04
1.104000e+01 5.899248e+04 6.231765e+04
1.105000e+01 5.958241e+04 6.294395e+04
1.106000e+01 6.017823e+04 6.357655e+04
1.107000e+01 6.078001e+04 6.421551e+04
1.108000e+01 6.138781e+04 6.486088e+04
1.109000e+01 6.200169e+04 6.551275e+04
1.110000e+01 6.262171e+04 6.617116e+04
1.111000e+01 6.324792e+04 6.683619e+04
1.112000e+01 6.388040e+04 6.750791e+04
1.113000e+01 6.451921e+04 6.818637e+04
1.114000e+01 6.516440e+04 6.887166e+04
1.115000e+01 6.581604e+04 6.956383e+04
1.116000e+01 6.647420e+04 7.026296e+04
1.117000e+01 6.713895e+04 7.096911e+04
1.118000e+01 6.781033e+04 7.168236e+04
1.119000e+01 6.848844e+04 7.240278e+04
1.120000e+01 6.917332e+04 7.313044e+04
1.121000e+01 6.986506e+04 7.386541e+04
1.122000e+01 7.056371e+04 7.460777e+04
1.123000e+01 7.126934e+04 7.535760e+04
1.124000e+01 7.198204e+04 7.611495e+04
1.125000e+01 7.270186e+04 7.687992e+04
1.126000e+01 7.342888e+04 7.765258e+04
1.127000e+01 7.416316e+04 7.843300e+04
1.128000e+01 7.490480e+04 7.922126e+04
1.129000e+01 7.565384e+04 8.001745e+04
1.130000e+01 7.641038e+04 8.082164e+04
1.131000e+01 7.717449e+04 8.163391e+04
1.132000e+01 7.794623e+04 8.245434e+04
1.133000e+01 7.872569e+04 8.328302e+04
1.134000e+01 7.951295e+04 8.412003e+04
1.135000e+01 8.030808e+04 8.496545e+04
1.136000e+01 8.111116e+04 8.581937e+04
1.137000e+01 8.192227e+04 8.668187e+04
1.138000e+01 8.274150e+04 8.755303e+04
1.139000e+01 8.356891e+04 8.843296e+04
1.140000e+01 8.440460e+04 8.932172e+04
1.141000e+01 8.524865e+04 9.021942e+04
1.142000e+01 8.610113e+04 9.112614e+04
1.143000e+01 8.696214e+04 9.204197e+04
1.144000e+01 8.783176e+04 9.296701e+04
1.145000e+01 8.871008e+04 9.390135e+04
1.146000e+01 8.959718e+04 9.484507e+04
1.147000e+01 9.049315e+04 9.579828e+04
1.148000e+01 9.139809e+04 9.676107e+04
1.149000e+01 9.231207e+04 9.773353e+04
1.150000e+01 9.323519e+04 9.871577e+04
1.151000e+01 9.416754e+04 9.970788e+04
1.152000e+01 9.510922e+04 1.007100e+05
1.153000e+01 9.606031e+04 1.017221e+05
1.154000e+01 9.702091e+04 1.027444e+05
1.155000e+01 9.799112e+04 1.037770e+05
1.156000e+01 9.897103e+04 1.048200e+05
1.157000e+01 9.996074e+04 1.058735e+05
1.158000e+01 1.009603e+05 1.069375e+05
1.159000e+01 1.019700e+05 1.080123e+05
1.160000e+01 1.029897e+05 1.090978e+05
1.161000e+01 1.040195e+05 1.101943e+05
1.162000e+01 1.050597e+05 1.113017e+05
1.163000e+01 1.061103e+05 1.124203e+05
1.164000e+01 1.071714e+05 1.135502e+05
1.165000e+01 1.082432e+05 1.146914e+05
1.166000e+01 1.093256e+05 1.158440e+05
1.167000e+01 1.104188e+05 1.170083e+05
1.168000e+01 1.115230e+05 1.181842e+05
1.169000e+01 1.126383e+05 1.193720e+05
1.170000e+01 1.137646e+05 1.205717e+05
1.171000e+01 1.149023e+05 1.217835e+05
1.172000e+01 1.160513e+05 1.230074e+05
1.173000e+01 1.172118e+05 1.242437e+05
1.174000e+01 1.183839e+05 1.254923e+05
1.175000e+01 1.195678e+05 1.267536e+05
1.176000e+01 1.207635e+05 1.280275e+05
1.177000e+01 1.219711e+05 1.293142e+05
1.178000e+01 1.231908e+05 1.306138e+05
1.179000e+01 1.244227e+05 1.319265e+05
1.180000e+01 1.256669e+05 1.332524e+05
1.181000e+01 1.269236e+05 1.345916e+05
1.182000e+01 1.281929e+05 1.359442e+05
1.183000e+01 1.294748e+05 1.373105e+05
1.184000e+01 1.307695e+05 1.386905e+05
1.185000e+01 1.320772e+05 1.400843e+05
1.186000e+01 1.333980e+05 1.414922e+05
1.187000e+01 1.347320e+05 1.429142e+05
1.188000e+01 1.360793e+05 1.443506e+05
1.189000e+01 1.374401e+05 1.458013e+05
1.190000e+01 1.388145e+05 1.472666e+05
1.191000e+01 1.402026e+05 1.487467e+05
1.192000e+01 1.416047e+05 1.502416e+05
1.193000e+01 1.430207e+05 1.517516e+05
1.194000e+01 1.444509e+05 1.532767e+05
1.195000e+01 1.458954e+05 1.548171e+05
1.196000e+01 1.473544e+05 1.563731e+05
1.197000e+01 1.488279e+05 1.579447e+05
1.198000e+01 1.503162e+05 1.595320e+05
1.199000e+01 1.518194e+05 1.611354e+05
1.200000e+01 1.533376e+05 1.627548e+05
1.201000e+01 1.548709e+05 1.643905e+05
1.202000e+01 1.564196e+05 1.660427e+05
1.203000e+01 1.579838e+05 1.677114e+05
1.204000e+01 1.595637e+05 1.693969e+05
1.205000e+01 1.611593e+05 1.710994e+05
1.206000e+01 1.627709e+05 1.728190e+05
1.207000e+01 1.643986e+05 1.745558e+05
1.208000e+01 1.660426e+05 1.763102e+05
1.209000e+01 1.677030e+05 1.780821e+05
1.210000e+01 1.693801e+05 1.798719e+05
1.211000e+01 1.710739e+05 1.816796e+05
1.212000e+01 1.727846e+05 1.835055e+05
1.213000e+01 1.745124e+05 1.853498e+05
1.214000e+01 1.762576e+05 1.872126e+05
1.215000e+01 1.780201e+05 1.890941e+05
1.216000e+01 1.798003e+05 1.909945e+05
1.217000e+01 1.815983e+05 1.929140e+05
1.218000e+01 1.834143e+05 1.948529e+05
1.219000e+01 1.852485e+05 1.968112e+05
1.220000e+01 1.871010e+05 1.987892e+05
1.221000e+01 1.889720e+05 2.007870e+05
1.222000e+01 1.908617e+05 2.028050e+05
1.223000e+01 1.927703e+05 2.048432e+05
1.224000e+01 1.946980e+05 2.069019e+05
1.225000e+01 1.966450e+05 2.089813e+05
1.226000e+01 1.986114e+05 2.110816e+05
1.227000e+01 2.005976e+05 2.132030e+05
1.228000e+01 2.026035e+05 2.153457e+05
1.229000e+01 2.046296e+05 2.175100e+05
1.230000e+01 2.066759e+05 2.196960e+05
1.231000e+01 2.087426e+05 2.219040e+05
1.232000e+01 2.108300e+05 2.241341e+05
1.233000e+01 2.129383e+05 2.263867e+05
1.234000e+01 2.150677e+05 2.286620e+05
1.235000e+01 2.172184e+05 2.309600e+05
1.236000e+01 2.193906e+05 2.332812e+05
1.237000e+01 2.215845e+05 2.356257e+05
1.238000e+01 2.238003e+05 2.379938e+05
1.239000e+01 2.260383e+05 2.403857e+05
1.240000e+01 2.282987e+05 2.428016e+05
1.241000e+01 2.305817e+05 2.452418e+05
1.242000e+01 2.328875e+05 2.477065e+05
1.243000e+01 2.352164e+05 2.501960e+05
1.244000e+01 2.375686e+05 2.527105e+05
1.245000e+01 2.399443e+05 2.552503e+05
1.246000e+01 2.423437e+05 2.578156e+05
1.247000e+01 2.447671e+05 2.604067e+05
1.248000e+01 2.472148e+05 2.630239e+05
1.249000e+01 2.496870e+05 2.656673e+05
1.250000e+01 2.521838e+05 2.683373e+05
1.251000e+01 2.547057e+05 2.710341e+05
1.252000e+01 2.572527e+05 2.737581e+05
1.253000e+01 2.598252e+05 2.765094e+05
1.254000e+01 2.624235e+05 2.792883e+05
1.255000e+01 2.650477e+05 2.820952e+05
1.256000e+01 2.676982e+05 2.849303e+05
1.257000e+01 2.703752e+05 2.877939e+05
1.258000e+01 2.730789e+05 2.906863e+05
1.259000e+01 2.758097e+05 2.936078e+05
1.260000e+01 2.785678e+05 2.965586e+05
1.261000e+01 2.813535e+05 2.995390e+05
1.262000e+01 2.841670e+05 3.025494e+05
1.263000e+01 2.870087e+05 3.055901e+05
1.264000e+01 2.898788e+05 3.086613e+05
1.265000e+01 2.927776e+05 3.117634e+05
1.266000e+01 2.957054e+05 3.148967e+05
1.267000e+01 2.986624e+05 3.180615e+05
1.268000e+01 3.016490e+05 3.212581e+05
1.269000e+01 3.046655e+05 3.244868e+05
1.270000e+01 3.077122e+05 3.277479e+05
1.271000e+01 3.107893e+05 3.310418e+05
1.272000e+01 3.138972e+05 3.343688e+05
1.273000e+01 3.170362e+05 3.377293e+05
1.274000e+01 3.202065e+05 3.411235e+05
1.275000e+01 3.234086e+05 3.445519e+05
1.276000e+01 3.266427e+05 3.480147e+05
1.277000e+01 3.299091e+05 3.515123e+05
1.278000e+01 3.332082e+05 3.550451e+05
1.279000e+01 3.365403e+05 3.586133e+05
1.280000e+01 3.399057e+05 3.622174e+05
1.281000e+01 3.433048e+05 3.658578e+05
1.282000e+01 3.467378e+05 3.695347e+05
1.283000e+01 3.502052e+05 3.732486e+05
1.284000e+01 3.537072e+05 3.769998e+05
1.285000e+01 3.572443e+05 3.807887e+05
1.286000e+01 3.608167e+05 3.846157e+05
1.287000e+01 3.644249e+05 3.884812e+05
1.288000e+01 3.680692e+05 3.923855e+05
1.289000e+01 3.717499e+05 3.963290e+05
1.290000e+01 3.754674e+05 4.003122e+05
1.291000e+01 3.792220e+05 4.043354e+05
1.292000e+01 3.830142e+05 4.083990e+05
1.293000e+01 3.868444e+05 4.125035e+05
1.294000e+01 3.907128e+05 4.166492e+05
1.295000e+01 3.946200e+05 4.208366e+05
1.296000e+01 3.985662e+05 4.250661e+05
1.297000e+01 4.025518e+05 4.293381e+05
1.298000e+01 4.065773e+05 4.336530e+05
1.299000e+01 4.106431e+05 4.380113e+05
1.300000e+01 4.147495e+05 4.424134e+05
1.301000e+01 4.188970e+05 4.468597e+05
1.302000e+01 4.230860e+05 4.513507e+05
1.303000e+01 4.273169e+05 4.558869e+05
1.304000e+01 4.315900e+05 4.604686e+05
1.305000e+01 4.359059e+05 4.650964e+05
1.306000e+01 4.402650e+05 4.697707e+05
1.307000e+01 4.446676e+05 4.744920e+05
1.308000e+01 4.491143e+05 4.792607e+05
1.309000e+01 4.536055e+05 4.840774e+05
1.310000e+01 4.581415e+05 4.889424e+05
1.311000e+01 4.627229e+05 4.938564e+05
1.312000e+01 4.673502e+05 4.988197e+05
1.313000e+01 4.720237e+05 5.038329e+05
1.314000e+01 4.767439e+05 5.088965e+05
1.315000e+01 4.815113e+05 5.140110e+05
1.316000e+01 4.863265e+05 5.191769e+05
1.317000e+01 4.911897e+05 5.243947e+05
1.318000e+01 4.961016e+05 5.296650e+05
1.319000e+01 5.010626e+05 5.349882e+05
1.320000e+01 5.060733e+05 5.403649e+05
1.321000e+01 5.111340e+05 5.457957e+05
1.322000e+01 5.162453e+05 5.512810e+05
1.323000e+01 5.214078e+05 5.568215e+05
1.324000e+01 5.266219e+05 5.624176e+05
1.325000e+01 5.318881e+05 5.680700e+05
1.326000e+01 5.372070e+05 5.737792e+05
1.327000e+01 5.425790e+05 5.795458e+05
1.328000e+01 5.480048e+05 5.853703e+05
1.329000e+01 5.534849e+05 5.912534e+05
1.330000e+01 5.590197e+05 5.971956e+05
1.331000e+01 5.646099e+05 6.031975e+05
1.332000e+01 5.702560e+05 6.092598e+05
1.333000e+01 5.759586e+05 6.153829e+05
1.334000e+01 5.817182e+05 6.215676e+05
1.335000e+01 5.875353e+05 6.278145e+05
1.336000e+01 5.934107e+05 6.341241e+05
1.337000e+01 5.993448e+05 6.404972e+05
1.338000e+01 6.053383e+05 6.469343e+05
1.339000e+01 6.113916e+05 6.534361e+05
1.340000e+01 6.175056e+05 6.600032e+05
1.341000e+01 6.236806e+05 6.666364e+05
1.342000e+01 6.299174e+05 6.733362e+05
1.343000e+01 6.362166e+05 6.801033e+05
1.344000e+01 6.425788e+05 6.869385e+05
1.345000e+01 6.490045e+05 6.938423e+05
1.346000e+01 6.554946e+05 7.008155e+05
1.347000e+01 6.620495e+05 7.078589e+05
1.348000e+01 6.686700e+05 7.149730e+05
1.349000e+01 6.753567e+05 7.221586e+05
1.350000e+01 6.821103e+05 7.294164e+05
1.351000e+01 6.889314e+05 7.367471e+05
1.352000e+01 6.958207e+05 7.441516e+05
1.353000e+01 7.027789e+05 7.516304e+05
1.354000e+01 7.098067e+05 7.591844e+05
1.355000e+01 7.169048e+05 7.668143e+05
1.356000e+01 7.240738e+05 7.745210e+05
1.357000e+01 7.313146e+05 7.823050e+05
1.358000e+01 7.386277e+05 7.901673e+05
1.359000e+01 7.460140e+05 7.981086e+05
1.360000e+01 7.534741e+05 8.061298e+05
1.361000e+01 7.610089e+05 8.142315e+05
1.362000e+01 7.686190e+05 8.224147e+05
1.363000e+01 7.763051e+05 8.306801e+05
1.364000e+01 7.840682e+05 8.390285e+05
1.365000e+01 7.919089e+05 8.474609e+05
1.366000e+01 7.998280e+05 8.559780e+05
1.367000e+01 8.078262e+05 8.645808e+05
1.368000e+01 8.159045e+05 8.732699e+05
1.369000e+01 8.240636e+05 8.820465e+05
1.370000e+01 8.323042e+05 8.909112e+05
1.371000e+01 8.406272e+05 8.998650e+05
1.372000e+01 8.490335e+05 9.089088e+05
1.373000e+01 8.575238e+05 9.180435e+05
1.374000e+01 8.660991e+05 9.272699e+05
1.375000e+01 8.747601e+05 9.365892e+05
1.376000e+01 8.835077e+05 9.460020e+05
1.377000e+01 8.923427e+05 9.555095e+05
1.378000e+01 9.012662e+05 9.651125e+05
1.379000e+01 9.102788e+05 9.748121e+05
1.380000e+01 9.193816e+05 9.846091e+05
1.381000e+01 9.285754e+05 9.945046e+05
1.382000e+01 9.378612e+05 1.004500e+06
1.383000e+01 9.472398e+05 1.014595e+06
1.384000e+01 9.567122e+05 1.024792e+06
1.385000e+01 9.662793e+05 1.035091e+06
1.386000e+01 9.759421e+05 1.045494e+06
1.387000e+01 9.857015e+05 1.056001e+06
1.388000e+01 9.955586e+05 1.066614e+06
1.389000e+01 1.005514e+06 1.077334e+06
1.390000e+01 1.015569e+06 1.088161e+06
1.391000e+01 1.025725e+06 1.099098e+06
1.392000e+01 1.035982e+06 1.110144e+06
1.393000e+01 1.046342e+06 1.121301e+06
1.394000e+01 1.056805e+06 1.132570e+06
1.395000e+01 1.067374e+06 1.143953e+06
1.396000e+01 1.078047e+06 1.155449e+06
1.397000e+01 1.088828e+06 1.167062e+06
1.398000e+01 1.099716e+06 1.178791e+06
1.399000e+01 1.110713e+06 1.190638e+06
1.400000e+01 1.121820e+06 1.202604e+06
1.401000e+01 1.133039e+06 1.214691e+06
1.402000e+01 1.144369e+06 1.226899e+06
1.403000e+01 1.155813e+06 1.239229e+06
1.404000e+01 1.167371e+06 1.251683e+06
1.405000e+01 1.179044e+06 1.264263e+06
1.406000e+01 1.190835e+06 1.276969e+06
1.407000e+01 1.202743e+06 1.289803e+06
1.408000e+01 1.214771e+06 1.302766e+06
1.409000e+01 1.226918e+06 1.315859e+06
1.410000e+01 1.239188e+06 1.329083e+06
1.411000e+01 1.251579e+06 1.342441e+06
1.412000e+01 1.264095e+06 1.355933e+06
1.413000e+01 1.276736e+06 1.369560e+06
1.414000e+01 1.289504e+06 1.383324e+06
1.415000e+01 1.302399e+06 1.397227e+06
1.416000e+01 1.315423e+06 1.411269e+06
1.417000e+01 1.328577e+06 1.425453e+06
1.418000e+01 1.341863e+06 1.439779e+06
1.419000e+01 1.355281e+06 1.454249e+06
1.420000e+01 1.368834e+06 1.468864e+06
1.421000e+01 1.382522e+06 1.483627e+06
1.422000e+01 1.396348e+06 1.498537e+06
1.423000e+01 1.410311e+06 1.513598e+06
1.424000e+01 1.424414e+06 1.528810e+06
1.425000e+01 1.438658e+06 1.544174e+06
1.426000e+01 1.453045e+06 1.559694e+06
1.427000e+01 1.467575e+06 1.575369e+06
1.428000e+01 1.482251e+06 1.591202e+06
1.429000e+01 1.497074e+06 1.607193e+06
1.430000e+01 1.512044e+06 1.623346e+06
1.431000e+01 1.527165e+06 1.639661e+06
1.432000e+01 1.542436e+06 1.656140e+06
1.433000e+01 1.557861e+06 1.672784e+06
1.434000e+01 1.573439e+06 1.689596e+06
1.435000e+01 1.589174e+06 1.706577e+06
1.436000e+01 1.605065e+06 1.723728e+06
1.437000e+01 1.621116e+06 1.741052e+06
1.438000e+01 1.637327e+06 1.758550e+06
1.439000e+01 1.653701e+06 1.776223e+06
1.440000e+01 1.670238e+06 1.794075e+06
1.441000e+01 1.686940e+06 1.812106e+06
1.442000e+01 1.703809e+06 1.830317e+06
1.443000e+01 1.720847e+06 1.848712e+06
1.444000e+01 1.738056e+06 1.867292e+06
1.445000e+01 1.755436e+06 1.886059e+06
1.446000e+01 1.772991e+06 1.905014e+06
1.447000e+01 1.790721e+06 1.924160e+06
1.448000e+01 1.808628e+06 1.943498e+06
1.449000e+01 1.826714e+06 1.963030e+06
1.450000e+01 1.844981e+06 1.982759e+06
1.451000e+01 1.863431e+06 2.002686e+06
1.452000e+01 1.882065e+06 2.022814e+06
1.453000e+01 1.900886e+06 2.043143e+06
1.454000e+01 1.919895e+06 2.063677e+06
1.455000e+01 1.939094e+06 2.084418e+06
1.456000e+01 1.958485e+06 2.105366e+06
1.457000e+01 1.978070e+06 2.126526e+06
1.458000e+01 1.997850e+06 2.147897e+06
1.459000e+01 2.017829e+06 2.169484e+06
1.460000e+01 2.038007e+06 2.191288e+06
1.461000e+01 2.058387e+06 2.213311e+06
1.462000e+01 2.078971e+06 2.235555e+06
1.463000e+01 2.099761e+06 2.258023e+06
1.464000e+01 2.120759e+06 2.280716e+06
1.465000e+01 2.141966e+06 2.303638e+06
1.466000e+01 2.163386e+06 2.326790e+06
1.467000e+01 2.185020e+06 2.350174e+06
1.468000e+01 2.206870e+06 2.373794e+06
1.469000e+01 2.228939e+06 2.397651e+06
1.470000e+01 2.251228e+06 2.421748e+06
1.471000e+01 2.273740e+06 2.446087e+06
1.472000e+01 2.296478e+06 2.470670e+06
1.473000e+01 2.319442e+06 2.495501e+06
1.474000e+01 2.342637e+06 2.520581e+06
1.475000e+01 2.366063e+06 2.545913e+06
1.476000e+01 2.389724e+06 2.571500e+06
1.477000e+01 2.413621e+06 2.597344e+06
1.478000e+01 2.437757e+06 2.623448e+06
1.479000e+01 2.462135e+06 2.649814e+06
1.480000e+01 2.486756e+06 2.676445e+06
1.481000e+01 2.511624e+06 2.703344e+06
1.482000e+01 2.536740e+06 2.730513e+06
1.483000e+01 2.562107e+06 2.757955e+06
1.484000e+01 2.587728e+06 2.785673e+06
1.485000e+01 2.613606e+06 2.813669e+06
1.486000e+01 2.639742e+06 2.841947e+06
1.487000e+01 2.666139e+06 2.870509e+06
1.488000e+01 2.692801e+06 2.899358e+06
1.489000e+01 2.719729e+06 2.928497e+06
1.490000e+01 2.746926e+06 2.957929e+06
1.491000e+01 2.774395e+06 2.987657e+06
1.492000e+01 2.802139e+06 3.017683e+06
1.493000e+01 2.830160e+06 3.048012e+06
1.494000e+01 2.858462e+06 3.078645e+06
1.495000e+01 2.887047e+06 3.109586e+06
1.496000e+01 2.915917e+06 3.140837e+06
1.497000e+01 2.945076e+06 3.172403e+06
1.498000e+01 2.974527e+06 3.204286e+06
1.499000e+01 3.004272e+06 3.236490e+06
1.500000e+01 3.034315e+06 3.269017e+06
1.501000e+01 3.064658e+06 3.301872e+06
1.502000e+01 3.095305e+06 3.335056e+06
1.503000e+01 3.126258e+06 3.368574e+06
1.504000e+01 3.157520e+06 3.402429e+06
1.505000e+01 3.189096e+06 3.436623e+06
1.506000e+01 3.220987e+06 3.471162e+06
1.507000e+01 3.253196e+06 3.506048e+06
1.508000e+01 3.285728e+06 3.541284e+06
1.509000e+01 3.318586e+06 3.576875e+06
1.510000e+01 3.351772e+06 3.612823e+06
1.511000e+01 3.385289e+06 3.649132e+06
1.512000e+01 3.419142e+06 3.685807e+06
1.513000e+01 3.453334e+06 3.722850e+06
1.514000e+01 3.487867e+06 3.760265e+06
1.515000e+01 3.522746e+06 3.798056e+06
1.516000e+01 3.557973e+06 3.836227e+06
1.517000e+01 3.593553e+06 3.874782e+06
1.518000e+01 3.629488e+06 3.913724e+06
1.519000e+01 3.665783e+06 3.953058e+06
1.520000e+01 3.702441e+06 3.992787e+06
1.521000e+01 3.739465e+06 4.032915e+06
1.522000e+01 3.776860e+06 4.073446e+06
1.523000e+01 3.814629e+06 4.114385e+06
1.524000e+01 3.852775e+06 4.155736e+06
1.525000e+01 3.891303e+06 4.197501e+06
1.526000e+01 3.930216e+06 4.239687e+06
1.527000e+01 3.969518e+06 4.282297e+06
1.528000e+01 4.009213e+06 4.325334e+06
1.529000e+01 4.049305e+06 4.368805e+06
1.530000e+01 4.089798e+06 4.412712e+06
1.531000e+01 4.130696e+06 4.457060e+06
1.532000e+01 4.172003e+06 4.501855e+06
1.533000e+01 4.213723e+06 4.547099e+06
1.534000e+01 4.255860e+06 4.592798e+06
1.535000e+01 4.298419e+06 4.638956e+06
1.536000e+01 4.341403e+06 4.685579e+06
1.537000e+01 4.384817e+06 4.732670e+06
1.538000e+01 4.428665e+06 4.780234e+06
1.539000e+01 4.472952e+06 4.828276e+06
1.540000e+01 4.517682e+06 4.876801e+06
1.541000e+01 4.562858e+06 4.925814e+06
1.542000e+01 4.608487e+06 4.975319e+06
1.543000e+01 4.654572e+06 5.025322e+06
1.544000e+01 4.701118e+06 5.075827e+06
1.545000e+01 4.748129e+06 5.126840e+06
1.546000e+01 4.795610e+06 5.178365e+06
1.547000e+01 4.843566e+06 5.230409e+06
1.548000e+01 4.892002e+06 5.282975e+06
1.549000e+01 4.940922e+06 5.336070e+06
1.550000e+01 4.990331e+06 5.389698e+06
1.551000e+01 5.040234e+06 5.443866e+06
1.552000e+01 5.090637e+06 5.498578e+06
1.553000e+01 5.141543e+06 5.553839e+06
1.554000e+01 5.192959e+06 5.609656e+06
1.555000e+01 5.244888e+06 5.666034e+06
1.556000e+01 5.297337e+06 5.722979e+06
1.557000e+01 5.350310e+06 5.780496e+06
1.558000e+01 5.403814e+06 5.838591e+06
1.559000e+01 5.457852e+06 5.897269e+06
1.560000e+01 5.512430e+06 5.956538e+06
1.561000e+01 5.567554e+06 6.016402e+06
1.562000e+01 5.623230e+06 6.076868e+06
1.563000e+01 5.679462e+06 6.137942e+06
1.564000e+01 5.736257e+06 6.199629e+06
1.565000e+01 5.793620e+06 6.261936e+06
1.566000e+01 5.851556e+06 6.324870e+06
1.567000e+01 5.910071e+06 6.388436e+06
1.568000e+01 5.969172e+06 6.452641e+06
1.569000e+01 6.028864e+06 6.517491e+06
1.570000e+01 6.089152e+06 6.582993e+06
1.571000e+01 6.150044e+06 6.649153e+06
1.572000e+01 6.211544e+06 6.715978e+06
1.573000e+01 6.273660e+06 6.783475e+06
1.574000e+01 6.336396e+06 6.851650e+06
1.575000e+01 6.399760e+06 6.920510e+06
1.576000e+01 6.463758e+06 6.990062e+06
1.577000e+01 6.528395e+06 7.060313e+06
1.578000e+01 6.593679e+06 7.131271e+06
1.579000e+01 6.659616e+06 7.202941e+06
1.580000e+01 6.726212e+06 7.275332e+06
1.581000e+01 6.793475e+06 7.348450e+06
1.582000e+01 6.861409e+06 7.422303e+06
1.583000e+01 6.930023e+06 7.496899e+06
1.584000e+01 6.999324e+06 7.572244e+06
1.585000e+01 7.069317e+06 7.648346e+06
1.586000e+01 7.140010e+06 7.725213e+06
1.587000e+01 7.211410e+06 7.802853e+06
1.588000e+01 7.283524e+06 7.881273e+06
1.589000e+01 7.356359e+06 7.960481e+06
1.590000e+01 7.429923e+06 8.040485e+06
1.591000e+01 7.504222e+06 8.121294e+06
1.592000e+01 7.579264e+06 8.202914e+06
1.593000e+01 7.655057e+06 8.285355e+06
1.594000e+01 7.731608e+06 8.368624e+06
1.595000e+01 7.808924e+06 8.452730e+06
1.596000e+01 7.887013e+06 8.537681e+06
1.597000e+01 7.965883e+06 8.623486e+06
1.598000e+01 8.045542e+06 8.710154e+06
1.599000e+01 8.125997e+06 8.797692e+06
1.600000e+01 8.207257e+06 8.886111e+06
1.601000e+01 8.289330e+06 8.975417e+06
1.602000e+01 8.372223e+06 9.065622e+06
1.603000e+01 8.455945e+06 9.156733e+06
1.604000e+01 8.540505e+06 9.248760e+06
1.605000e+01 8.625910e+06 9.341711e+06
1.606000e+01 8.712169e+06 9.435597e+06
1.607000e+01 8.799291e+06 9.530426e+06
1.608000e+01 8.887284e+06 9.626209e+06
1.609000e+01 8.976157e+06 9.722954e+06
1.610000e+01 9.065918e+06 9.820671e+06
1.611000e+01 9.156577e+06 9.919370e+06
1.612000e+01 9.248143e+06 1.001906e+07
1.613000e+01 9.340624e+06 1.011975e+07
1.614000e+01 9.434031e+06 1.022146e+07
1.615000e+01 9.528371e+06 1.032419e+07
1.616000e+01 9.623655e+06 1.042795e+07
1.617000e+01 9.719891e+06 1.053275e+07
1.618000e+01 9.817090e+06 1.063861e+07
1.619000e+01 9.915261e+06 1.074553e+07
1.620000e+01 1.001441e+07 1.085352e+07
1.621000e+01 1.011456e+07 1.096260e+07
1.622000e+01 1.021570e+07 1.107278e+07
1.623000e+01 1.031786e+07 1.118406e+07
1.624000e+01 1.042104e+07 1.129646e+07
1.625000e+01 1.052525e+07 1.140999e+07
1.626000e+01 1.063050e+07 1.152466e+07
1.627000e+01 1.073681e+07 1.164049e+07
1.628000e+01 1.084418e+07 1.175748e+07
1.629000e+01 1.095262e+07 1.187564e+07
1.630000e+01 1.106214e+07 1.199499e+07
1.631000e+01 1.117276e+07 1.211555e+07
1.632000e+01 1.128449e+07 1.223731e+07
1.633000e+01 1.139734e+07 1.236030e+07
1.634000e+01 1.151131e+07 1.248452e+07
1.635000e+01 1.162642e+07 1.260999e+07
1.636000e+01 1.174269e+07 1.273672e+07
1.637000e+01 1.186011e+07 1.286473e+07
1.638000e+01 1.197872e+07 1.299402e+07
1.639000e+01 1.209850e+07 1.312461e+07
1.640000e+01 1.221949e+07 1.325652e+07
1.641000e+01 1.234168e+07 1.338975e+07
1.642000e+01 1.246510e+07 1.352432e+07
1.643000e+01 1.258975e+07 1.366024e+07
1.644000e+01 1.271565e+07 1.379753e+07
1.645000e+01 1.284280e+07 1.393620e+07
1.646000e+01 1.297123e+07 1.407626e+07
1.647000e+01 1.310094e+07 1.421773e+07
1.648000e+01 1.323195e+07 1.436062e+07
1.649000e+01 1.336427e+07 1.450494e+07
1.650000e+01 1.349792e+07 1.465072e+07
1.651000e+01 1.363290e+07 1.479796e+07
1.652000e+01 1.376922e+07 1.494668e+07
1.653000e+01 1.390692e+07 1.509690e+07
1.654000e+01 1.404599e+07 1.524863e+07
1.655000e+01 1.418645e+07 1.540188e+07
1.656000e+01 1.432831e+07 1.555667e+07
1.657000e+01 1.447159e+07 1.571302e+07
1.658000e+01 1.461631e+07 1.587093e+07
1.659000e+01 1.476247e+07 1.603044e+07
1.660000e+01 1.491010e+07 1.619155e+07
1.661000e+01 1.505920e+07 1.635428e+07
1.662000e+01 1.520979e+07 1.651864e+07
1.663000e+01 1.536189e+07 1.668466e+07
1.664000e+01 1.551551e+07 1.685234e+07
1.665000e+01 1.567066e+07 1.702171e+07
1.666000e+01 1.582737e+07 1.719278e+07
1.667000e+01 1.598564e+07 1.736557e+07
1.668000e+01 1.614550e+07 1.754010e+07
1.669000e+01 1.630695e+07 1.771638e+07
1.670000e+01 1.647002e+07 1.789443e+07
1.671000e+01 1.663472e+07 1.807427e+07
1.672000e+01 1.680107e+07 1.825592e+07
1.673000e+01 1.696908e+07 1.843940e+07
1.674000e+01 1.713877e+07 1.862471e+07
1.675000e+01 1.731016e+07 1.881190e+07
1.676000e+01 1.748326e+07 1.900096e+07
1.677000e+01 1.765809e+07 1.919192e+07
1.678000e+01 1.783468e+07 1.938480e+07
1.679000e+01 1.801302e+07 1.957962e+07
1.680000e+01 1.819315e+07 1.977640e+07
1.681000e+01 1.837508e+07 1.997516e+07
1.682000e+01 1.855883e+07 2.017591e+07
1.683000e+01 1.874442e+07 2.037868e+07
1.684000e+01 1.893187e+07 2.058349e+07
1.685000e+01 1.912119e+07 2.079036e+07
1.686000e+01 1.931240e+07 2.099931e+07
1.687000e+01 1.950552e+07 2.121035e+07
1.688000e+01 1.970058e+07 2.142352e+07
1.689000e+01 1.989758e+07 2.163883e+07
1.690000e+01 2.009656e+07 2.185631e+07
1.691000e+01 2.029752e+07 2.207596e+07
1.692000e+01 2.050050e+07 2.229783e+07
1.693000e+01 2.070550e+07 2.252193e+07
1.694000e+01 2.091256e+07 2.274828e+07
1.695000e+01 2.112169e+07 2.297690e+07
1.696000e+01 2.133290e+07 2.320782e+07
1.697000e+01 2.154623e+07 2.344107e+07
1.698000e+01 2.176169e+07 2.367665e+07
1.699000e+01 2.197931e+07 2.391461e+07
1.700000e+01 2.219910e+07 2.415495e+07
1.701000e+01 2.242109e+07 2.439771e+07
1.702000e+01 2.264531e+07 2.464292e+07
1.703000e+01 2.287176e+07 2.489058e+07
1.704000e+01 2.310048e+07 2.514074e+07
1.705000e+01 2.333148e+07 2.539340e+07
1.706000e+01 2.356480e+07 2.564861e+07
1.707000e+01 2.380044e+07 2.590638e+07
1.708000e+01 2.403845e+07 2.616675e+07
1.709000e+01 2.427883e+07 2.642973e+07
1.710000e+01 2.452162e+07 2.669535e+07
1.711000e+01 2.476684e+07 2.696364e+07
1.712000e+01 2.501451e+07 2.723463e+07
1.713000e+01 2.526465e+07 2.750835e+07
1.714000e+01 2.551730e+07 2.778481e+07
1.715000e+01 2.577247e+07 2.806405e+07
1.716000e+01 2.603019e+07 2.834610e+07
1.717000e+01 2.629050e+07 2.863098e+07
1.718000e+01 2.655340e+07 2.891873e+07
1.719000e+01 2.681894e+07 2.920937e+07
1.720000e+01 2.708712e+07 2.950293e+07
1.721000e+01 2.735800e+07 2.979944e+07
1.722000e+01 2.763158e+07 3.009892e+07
1.723000e+01 2.790789e+07 3.040142e+07
1.724000e+01 2.818697e+07 3.070696e+07
1.725000e+01 2.846884e+07 3.101557e+07
1.726000e+01 2.875353e+07 3.132728e+07
1.727000e+01 2.904106e+07 3.164213e+07
1.728000e+01 2.933147e+07 3.196014e+07
1.729000e+01 2.962479e+07 3.228134e+07
1.730000e+01 2.992104e+07 3.260578e+07
1.731000e+01 3.022025e+07 3.293347e+07
1.732000e+01 3.052245e+07 3.326446e+07
1.733000e+01 3.082767e+07 3.359877e+07
1.734000e+01 3.113595e+07 3.393644e+07
1.735000e+01 3.144731e+07 3.427751e+07
1.736000e+01 3.176178e+07 3.462200e+07
1.737000e+01 3.207940e+07 3.496996e+07
1.738000e+01 3.240020e+07 3.532142e+07
1.739000e+01 3.272420e+07 3.567640e+07
1.740000e+01 3.305144e+07 3.603496e+07
1.741000e+01 3.338195e+07 3.639711e+07
1.742000e+01 3.371577e+07 3.676291e+07
1.743000e+01 3.405293e+07 3.713238e+07
1.744000e+01 3.439346e+07 3.750557e+07
1.745000e+01 3.473740e+07 3.788251e+07
1.746000e+01 3.508477e+07 3.826323e+07
1.747000e+01 3.543562e+07 3.864778e+07
1.748000e+01 3.578997e+07 3.903620e+07
1.749000e+01 3.614787e+07 3.942852e+07
1.750000e+01 3.650935e+07 3.982478e+07
1.751000e+01 3.687445e+07 4.022503e+07
1.752000e+01 3.724319e+07 4.062930e+07
1.753000e+01 3.761562e+07 4.103763e+07
1.754000e+01 3.799178e+07 4.145006e+07
1.755000e+01 3.837170e+07 4.186664e+07
1.756000e+01 3.875541e+07 4.228741e+07
1.757000e+01 3.914297e+07 4.271241e+07
1.758000e+01 3.953440e+07 4.314167e+07
1.759000e+01 3.992974e+07 4.357525e+07
1.760000e+01 4.032904e+07 4.401319e+07
1.761000e+01 4.073233e+07 4.445553e+07
1.762000e+01 4.113965e+07 4.490232e+07
1.763000e+01 4.155105e+07 4.535359e+07
1.764000e+01 4.196656e+07 4.580941e+07
1.765000e+01 4.238622e+07 4.626980e+07
1.766000e+01 4.281009e+07 4.673482e+07
1.767000e+01 4.323819e+07 4.720451e+07
1.768000e+01 4.367057e+07 4.767892e+07
1.769000e+01 4.410727e+07 4.815810e+07
1.770000e+01 4.454835e+07 4.864210e+07
1.771000e+01 4.499383e+07 4.913096e+07
1.772000e+01 4.544377e+07 4.962474e+07
1.773000e+01 4.589821e+07 5.012347e+07
1.774000e+01 4.635719e+07 5.062722e+07
1.775000e+01 4.682076e+07 5.113604e+07
1.776000e+01 4.728897e+07 5.164996e+07
1.777000e+01 4.776186e+07 5.216905e+07
1.778000e+01 4.823948e+07 5.269336e+07
1.779000e+01 4.872187e+07 5.322294e+07
1.780000e+01 4.920909e+07 5.375784e+07
1.781000e+01 4.970118e+07 5.429811e+07
1.782000e+01 5.019819e+07 5.484382e+07
1.783000e+01 5.070017e+07 5.539501e+07
1.784000e+01 5.120718e+07 5.595173e+07
1.785000e+01 5.171925e+07 5.651406e+07
1.786000e+01 5.223644e+07 5.708203e+07
1.787000e+01 5.275880e+07 5.765572e+07
1.788000e+01 5.328639e+07 5.823517e+07
1.789000e+01 5.381926e+07 5.882044e+07
1.790000e+01 5.435745e+07 5.941160e+07
1.791000e+01 5.490102e+07 6.000869e+07
1.792000e+01 5.545003e+07 6.061179e+07
1.793000e+01 5.600453e+07 6.122095e+07
1.794000e+01 5.656458e+07 6.183623e+07
1.795000e+01 5.713023e+07 6.245769e+07
1.796000e+01 5.770153e+07 6.308540e+07
1.797000e+01 5.827854e+07 6.371942e+07
1.798000e+01 5.886133e+07 6.435981e+07
1.799000e+01 5.944994e+07 6.500664e+07
1.800000e+01 6.004444e+07 6.565997e+07
1.801000e+01 6.064489e+07 6.631986e+07
1.802000e+01 6.125133e+07 6.698639e+07
1.803000e+01 6.186385e+07 6.765961e+07
1.804000e+01 6.248249e+07 6.833960e+07
1.805000e+01 6.310731e+07 6.902643e+07
1.806000e+01 6.373838e+07 6.972015e+07
1.807000e+01 6.437577e+07 7.042085e+07
1.808000e+01 6.501953e+07 7.112860e+07
1.809000e+01 6.566972e+07 7.184345e+07
1.810000e+01 6.632642e+07 7.256549e+07
1.811000e+01 6.698968e+07 7.329478e+07
1.812000e+01 6.765958e+07 7.403141e+07
1.813000e+01 6.833618e+07 7.477544e+07
1.814000e+01 6.901954e+07 7.552694e+07
1.815000e+01 6.970973e+07 7.628600e+07
1.816000e+01 7.040683e+07 7.705269e+07
1.817000e+01 7.111090e+07 7.782708e+07
1.818000e+01 7.182201e+07 7.860926e+07
1.819000e+01 7.254023e+07 7.939929e+07
1.820000e+01 7.326563e+07 8.019727e+07
1.821000e+01 7.399829e+07 8.100326e+07
1.822000e+01 7.473827e+07 8.181736e+07
1.823000e+01 7.548565e+07 8.263964e+07
1.824000e+01 7.624051e+07 8.347018e+07
1.825000e+01 7.700291e+07 8.430907e+07
1.826000e+01 7.777294e+07 8.515639e+07
1.827000e+01 7.855067e+07 8.601223e+07
1.828000e+01 7.933618e+07 8.687666e+07
1.829000e+01 8.012954e+07 8.774979e+07
1.830000e+01 8.093084e+07 8.863169e+07
1.831000e+01 8.174014e+07 8.952245e+07
1.832000e+01 8.255754e+07 9.042217e+07
1.833000e+01 8.338312e+07 9.133092e+07
1.834000e+01 8.421695e+07 9.224882e+07
1.835000e+01 8.505912e+07 9.317593e+07
1.836000e+01 8.590971e+07 9.411237e+07
1.837000e+01 8.676881e+07 9.505821e+07
1.838000e+01 8.763650e+07 9.601356e+07
1.839000e+01 8.851286e+07 9.697851e+07
1.840000e+01 8.939799e+07 9.795316e+07
1.841000e+01 9.029197e+07 9.893761e+07
1.842000e+01 9.119489e+07 9.993195e+07
1.843000e+01 9.210684e+07 1.009363e+08
1.844000e+01 9.302791e+07 1.019507e+08
1.845000e+01 9.395819e+07 1.029753e+08
1.846000e+01 9.489777e+07 1.040102e+08
1.847000e+01 9.584675e+07 1.050556e+08
1.848000e+01 9.680521e+07 1.061114e+08
1.849000e+01 9.777327e+07 1.071778e+08
1.850000e+01 9.875100e+07 1.082550e+08
1.851000e+01 9.973851e+07 1.093430e+08
1.852000e+01 1.007359e+08 1.104419e+08
1.853000e+01 1.017433e+08 1.115518e+08
1.854000e+01 1.027607e+08 1.126730e+08
1.855000e+01 1.037883e+08 1.138053e+08
1.856000e+01 1.048262e+08 1.149491e+08
1.857000e+01 1.058744e+08 1.161044e+08
1.858000e+01 1.069332e+08 1.172712e+08
1.859000e+01 1.080025e+08 1.184498e+08
1.860000e+01 1.090825e+08 1.196403e+08
1.861000e+01 1.101734e+08 1.208427e+08
1.862000e+01 1.112751e+08 1.220572e+08
1.863000e+01 1.123878e+08 1.232839e+08
1.864000e+01 1.135117e+08 1.245229e+08
1.865000e+01 1.146468e+08 1.257744e+08
1.866000e+01 1.157933e+08 1.270384e+08
1.867000e+01 1.169512e+08 1.283152e+08
1.868000e+01 1.181208e+08 1.296048e+08
1.869000e+01 1.193020e+08 1.309073e+08
1.870000e+01 1.204950e+08 1.322229e+08
1.871000e+01 1.216999e+08 1.335518e+08
1.872000e+01 1.229169e+08 1.348940e+08
1.873000e+01 1.241461e+08 1.362497e+08
1.874000e+01 1.253876e+08 1.376191e+08
1.875000e+01 1.266414e+08 1.390022e+08
1.876000e+01 1.279079e+08 1.403992e+08
1.877000e+01 1.291869e+08 1.418102e+08
1.878000e+01 1.304788e+08 1.432354e+08
1.879000e+01 1.317836e+08 1.446749e+08
1.880000e+01 1.331014e+08 1.461289e+08
1.881000e+01 1.344324e+08 1.475976e+08
1.882000e+01 1.357768e+08 1.490809e+08
1.883000e+01 1.371345e+08 1.505792e+08
1.884000e+01 1.385059e+08 1.520926e+08
1.885000e+01 1.398909e+08 1.536211e+08
1.886000e+01 1.412898e+08 1.551651e+08
1.887000e+01 1.427027e+08 1.567245e+08
1.888000e+01 1.441298e+08 1.582996e+08
1.889000e+01 1.455711e+08 1.598905e+08
1.890000e+01 1.470268e+08 1.614975e+08
1.891000e+01 1.484970e+08 1.631205e+08
1.892000e+01 1.499820e+08 1.647599e+08
1.893000e+01 1.514818e+08 1.664158e+08
1.894000e+01 1.529967e+08 1.680883e+08
1.895000e+01 1.545266e+08 1.697776e+08
1.896000e+01 1.560719e+08 1.714839e+08
1.897000e+01 1.576326e+08 1.732074e+08
1.898000e+01 1.592089e+08 1.749481e+08
1.899000e+01 1.608010e+08 1.767064e+08
1.900000e+01 1.624090e+08 1.784823e+08
1.901000e+01 1.640331e+08 1.802761e+08
1.902000e+01 1.656735e+08 1.820879e+08
1.903000e+01 1.673302e+08 1.839179e+08
1.904000e+01 1.690035e+08 1.857663e+08
1.905000e+01 1.706935e+08 1.876333e+08
1.906000e+01 1.724005e+08 1.895190e+08
1.907000e+01 1.741245e+08 1.914237e+08
1.908000e+01 1.758657e+08 1.933476e+08
1.909000e+01 1.776244e+08 1.952907e+08
1.910000e+01 1.794006e+08 1.972534e+08
1.911000e+01 1.811946e+08 1.992359e+08
1.912000e+01 1.830066e+08 2.012382e+08
1.913000e+01 1.848366e+08 2.032607e+08
1.914000e+01 1.866850e+08 2.053035e+08
1.915000e+01 1.885518e+08 2.073668e+08
1.916000e+01 1.904374e+08 2.094509e+08
1.917000e+01 1.923417e+08 2.115559e+08
1.918000e+01 1.942652e+08 2.136821e+08
1.919000e+01 1.962078e+08 2.158297e+08
1.920000e+01 1.981699e+08 2.179988e+08
1.921000e+01 2.001516e+08 2.201897e+08
1.922000e+01 2.021531e+08 2.224026e+08
1.923000e+01 2.041746e+08 2.246378e+08
1.924000e+01 2.062164e+08 2.268955e+08
1.925000e+01 2.082785e+08 2.291758e+08
1.926000e+01 2.103613e+08 2.314791e+08
1.927000e+01 2.124649e+08 2.338055e+08
1.928000e+01 2.145896e+08 2.361553e+08
1.929000e+01 2.167355e+08 2.385287e+08
1.930000e+01 2.189028e+08 2.409259e+08
1.931000e+01 2.210919e+08 2.433473e+08
1.932000e+01 2.233028e+08 2.457929e+08
1.933000e+01 2.255358e+08 2.482632e+08
1.934000e+01 2.277912e+08 2.507583e+08
1.935000e+01 2.300691e+08 2.532784e+08
1.936000e+01 2.323698e+08 2.558239e+08
1.937000e+01 2.346935e+08 2.583950e+08
1.938000e+01 2.370404e+08 2.609919e+08
1.939000e+01 2.394108e+08 2.636149e+08
1.940000e+01 2.418049e+08 2.662643e+08
1.941000e+01 2.442230e+08 2.689403e+08
1.942000e+01 2.466652e+08 2.716432e+08
1.943000e+01 2.491319e+08 2.743733e+08
1.944000e+01 2.516232e+08 2.771308e+08
1.945000e+01 2.541394e+08 2.799160e+08
1.946000e+01 2.566808e+08 2.827292e+08
1.947000e+01 2.592476e+08 2.855706e+08
1.948000e+01 2.618401e+08 2.884407e+08
1.949000e+01 2.644585e+08 2.913396e+08
1.950000e+01 2.671031e+08 2.942676e+08
1.951000e+01 2.697741e+08 2.972250e+08
1.952000e+01 2.724718e+08 3.002122e+08
1.953000e+01 2.751966e+08 3.032293e+08
1.954000e+01 2.779485e+08 3.062769e+08
1.955000e+01 2.807280e+08 3.093550e+08
1.956000e+01 2.835353e+08 3.124641e+08
1.957000e+01 2.863706e+08 3.156044e+08
1.958000e+01 2.892343e+08 3.187762e+08
1.959000e+01 2.921267e+08 3.219800e+08
1.960000e+01 2.950480e+08 3.252160e+08
1.961000e+01 2.979984e+08 3.284844e+08
1.962000e+01 3.009784e+08 3.317858e+08
1.963000e+01 3.039882e+08 3.351203e+08
1.964000e+01 3.070281e+08 3.384883e+08
1.965000e+01 3.100984e+08 3.418901e+08
1.966000e+01 3.131994e+08 3.453262e+08
1.967000e+01 3.163313e+08 3.487968e+08
1.968000e+01 3.194947e+08 3.523022e+08
1.969000e+01 3.226896e+08 3.558429e+08
1.970000e+01 3.259165e+08 3.594192e+08
1.971000e+01 3.291757e+08 3.630314e+08
1.972000e+01 3.324674e+08 3.666800e+08
1.973000e+01 3.357921e+08 3.703652e+08
1.974000e+01 3.391500e+08 3.740874e+08
1.975000e+01 3.425415e+08 3.778470e+08
1.976000e+01 3.459669e+08 3.816445e+08
1.977000e+01 3.494266e+08 3.854801e+08
1.978000e+01 3.529209e+08 3.893542e+08
1.979000e+01 3.564501e+08 3.932673e+08
1.980000e+01 3.600146e+08 3.972197e+08
1.981000e+01 3.636147e+08 4.012118e+08
1.982000e+01 3.672509e+08 4.052440e+08
1.983000e+01 3.709234e+08 4.093168e+08
1.984000e+01 3.746326e+08 4.134305e+08
1.985000e+01 3.783789e+08 4.175856e+08
1.986000e+01 3.821627e+08 4.217824e+08
1.987000e+01 3.859844e+08 4.260213e+08
1.988000e+01 3.898442e+08 4.303029e+08
1.989000e+01 3.937426e+08 4.346275e+08
1.990000e+01 3.976801e+08 4.389956e+08
1.991000e+01 4.016569e+08 4.434076e+08
1.992000e+01 4.056734e+08 4.478639e+08
1.993000e+01 4.097302e+08 4.523650e+08
1.994000e+01 4.138275e+08 4.569114e+08
1.995000e+01 4.179658e+08 4.615034e+08
1.996000e+01 4.221454e+08 4.661416e+08
1.997000e+01 4.263669e+08 4.708264e+08
1.998000e+01 4.306305e+08 4.755583e+08
1.999000e+01 4.349368e+08 4.803377e+08
2.000000e+01 4.392862e+08 4.851652e+08
