0.000000e+00 1.000000e+00 5.000000e-01
1.000000e-01 1.051250e+00 5.002500e-01
2.000000e-01 1.105071e+00 5.010260e-01
3.000000e-01 1.161528e+00 5.023565e-01
4.000000e-01 1.220672e+00 5.042729e-01
5.000000e-01 1.282545e+00 5.068092e-01
6.000000e-01 1.347170e+00 5.100027e-01
7.000000e-01 1.414554e+00 5.138939e-01
8.000000e-01 1.484679e+00 5.185272e-01
9.000000e-01 1.557501e+00 5.239504e-01
1.000000e+00 1.632945e+00 5.302156e-01
1.100000e+00 1.710899e+00 5.373794e-01
1.200000e+00 1.791211e+00 5.455025e-01
1.300000e+00 1.873680e+00 5.546506e-01
1.400000e+00 1.958054e+00 5.648939e-01
1.500000e+00 2.044021e+00 5.763074e-01
1.600000e+00 2.131204e+00 5.889709e-01
1.700000e+00 2.219154e+00 6.029683e-01
1.800000e+00 2.307346e+00 6.183875e-01
1.900000e+00 2.395177e+00 6.353195e-01
2.000000e+00 2.481955e+00 6.538571e-01
2.100000e+00 2.566907e+00 6.740941e-01
2.200000e+00 2.649171e+00 6.961227e-01
2.300000e+00 2.727809e+00 7.200316e-01
2.400000e+00 2.801807e+00 7.459024e-01
2.500000e+00 2.870092e+00 7.738068e-01
2.600000e+00 2.931545e+00 8.038015e-01
2.700000e+00 2.985030e+00 8.359241e-01
2.800000e+00 3.029415e+00 8.701871e-01
2.900000e+00 3.063611e+00 9.065725e-01
3.000000e+00 3.086609e+00 9.450257e-01
3.100000e+00 3.097521e+00 9.854503e-01
3.200000e+00 3.095624e+00 1.027703e+00
3.300000e+00 3.080402e+00 1.071589e+00
3.400000e+00 3.051586e+00 1.116862e+00
3.500000e+00 3.009182e+00 1.163223e+00
3.600000e+00 2.953491e+00 1.210321e+00
3.700000e+00 2.885116e+00 1.257766e+00
3.800000e+00 2.804953e+00 1.305127e+00
3.900000e+00 2.714166e+00 1.351954e+00
4.000000e+00 2.614141e+00 1.397785e+00
4.100000e+00 2.506442e+00 1.442161e+00
4.200000e+00 2.392742e+00 1.484643e+00
4.300000e+00 2.274762e+00 1.524828e+00
4.400000e+00 2.154203e+00 1.562356e+00
4.500000e+00 2.032691e+00 1.596923e+00
4.600000e+00 1.911724e+00 1.628289e+00
4.700000e+00 1.792637e+00 1.656277e+00
4.800000e+00 1.676575e+00 1.680778e+00
4.900000e+00 1.564481e+00 1.701744e+00
5.000000e+00 1.457096e+00 1.719185e+00
5.100000e+00 1.354968e+00 1.733164e+00
5.200000e+00 1.258466e+00 1.743784e+00
5.300000e+00 1.167798e+00 1.751185e+00
5.400000e+00 1.083039e+00 1.755533e+00
5.500000e+00 1.004151e+00 1.757013e+00
5.600000e+00 9.310058e-01 1.755824e+00
5.700000e+00 8.634060e-01 1.752168e+00
5.800000e+00 8.011046e-01 1.746251e+00
5.900000e+00 7.438206e-01 1.738277e+00
6.000000e+00 6.912522e-01 1.728441e+00
6.100000e+00 6.430879e-01 1.716934e+00
6.200000e+00 5.990155e-01 1.703933e+00
6.300000e+00 5.587278e-01 1.689607e+00
6.400000e+00 5.219283e-01 1.674113e+00
6.500000e+00 4.883340e-01 1.657596e+00
6.600000e+00 4.576777e-01 1.640191e+00
6.700000e+00 4.297096e-01 1.622019e+00
6.800000e+00 4.041973e-01 1.603193e+00
6.900000e+00 3.809261e-01 1.583815e+00
7.000000e+00 3.596989e-01 1.563976e+00
7.100000e+00 3.403348e-01 1.543761e+00
7.200000e+00 3.226690e-01 1.523244e+00
7.300000e+00 3.065515e-01 1.502493e+00
7.400000e+00 2.918459e-01 1.481570e+00
7.500000e+00 2.784287e-01 1.460528e+00
7.600000e+00 2.661882e-01 1.439417e+00
7.700000e+00 2.550234e-01 1.418280e+00
7.800000e+00 2.448432e-01 1.397155e+00
7.900000e+00 2.355654e-01 1.376078e+00
8.000000e+00 2.271160e-01 1.355080e+00
8.100000e+00 2.194284e-01 1.334187e+00
8.200000e+00 2.124426e-01 1.313424e+00
8.300000e+00 2.061048e-01 1.292812e+00
8.400000e+00 2.003666e-01 1.272370e+00
8.500000e+00 1.951846e-01 1.252116e+00
8.600000e+00 1.905200e-01 1.232062e+00
8.700000e+00 1.863378e-01 1.212223e+00
8.800000e+00 1.826071e-01 1.192609e+00
8.900000e+00 1.793001e-01 1.173230e+00
9.000000e+00 1.763921e-01 1.154095e+00
9.100000e+00 1.738613e-01 1.135210e+00
9.200000e+00 1.716884e-01 1.116582e+00
9.300000e+00 1.698564e-01 1.098215e+00
9.400000e+00 1.683504e-01 1.080115e+00
9.500000e+00 1.671577e-01 1.062284e+00
9.600000e+00 1.662672e-01 1.044726e+00
9.700000e+00 1.656697e-01 1.027443e+00
9.800000e+00 1.653575e-01 1.010437e+00
9.900000e+00 1.653244e-01 9.937092e-01
1.000000e+01 1.655656e-01 9.772602e-01
1.010000e+01 1.660777e-01 9.610908e-01
1.020000e+01 1.668585e-01 9.452011e-01
1.030000e+01 1.679071e-01 9.295912e-01
1.040000e+01 1.692239e-01 9.142607e-01
1.050000e+01 1.708101e-01 8.992091e-01
1.060000e+01 1.726684e-01 8.844358e-01
1.070000e+01 1.748024e-01 8.699400e-01
1.080000e+01 1.772170e-01 8.557206e-01
1.090000e+01 1.799180e-01 8.417767e-01
1.100000e+01 1.829124e-01 8.281072e-01
1.110000e+01 1.862084e-01 8.147109e-01
1.120000e+01 1.898152e-01 8.015866e-01
1.130000e+01 1.937432e-01 7.887331e-01
1.140000e+01 1.980041e-01 7.761492e-01
1.150000e+01 2.026107e-01 7.638338e-01
1.160000e+01 2.075770e-01 7.517857e-01
1.170000e+01 2.129185e-01 7.400039e-01
1.180000e+01 2.186519e-01 7.284874e-01
1.190000e+01 2.247953e-01 7.172352e-01
1.200000e+01 2.313684e-01 7.062466e-01
1.210000e+01 2.383922e-01 6.955208e-01
1.220000e+01 2.458894e-01 6.850573e-01
1.230000e+01 2.538845e-01 6.748557e-01
1.240000e+01 2.624035e-01 6.649157e-01
1.250000e+01 2.714744e-01 6.552373e-01
1.260000e+01 2.811270e-01 6.458206e-01
1.270000e+01 2.913931e-01 6.366659e-01
1.280000e+01 3.023066e-01 6.277739e-01
1.290000e+01 3.139036e-01 6.191453e-01
1.300000e+01 3.262223e-01 6.107812e-01
1.310000e+01 3.393034e-01 6.026831e-01
1.320000e+01 3.531901e-01 5.948526e-01
1.330000e+01 3.679280e-01 5.872918e-01
1.340000e+01 3.835655e-01 5.800031e-01
1.350000e+01 4.001534e-01 5.729894e-01
1.360000e+01 4.177457e-01 5.662538e-01
1.370000e+01 4.363989e-01 5.598001e-01
1.380000e+01 4.561727e-01 5.536326e-01
1.390000e+01 4.771297e-01 5.477558e-01
1.400000e+01 4.993352e-01 5.421752e-01
1.410000e+01 5.228580e-01 5.368968e-01
1.420000e+01 5.477694e-01 5.319271e-01
1.430000e+01 5.741439e-01 5.272735e-01
1.440000e+01 6.020587e-01 5.229443e-01
1.450000e+01 6.315937e-01 5.189485e-01
1.460000e+01 6.628310e-01 5.152960e-01
1.470000e+01 6.958553e-01 5.119978e-01
1.480000e+01 7.307527e-01 5.090662e-01
1.490000e+01 7.676111e-01 5.065144e-01
1.500000e+01 8.065189e-01 5.043572e-01
1.510000e+01 8.475647e-01 5.026105e-01
1.520000e+01 8.908366e-01 5.012921e-01
1.530000e+01 9.364211e-01 5.004213e-01
1.540000e+01 9.844018e-01 5.000193e-01
1.550000e+01 1.034858e+00 5.001094e-01
1.560000e+01 1.087864e+00 5.007170e-01
1.570000e+01 1.143487e+00 5.018699e-01
1.580000e+01 1.201781e+00 5.035985e-01
1.590000e+01 1.262793e+00 5.059359e-01
1.600000e+01 1.326553e+00 5.089185e-01
1.610000e+01 1.393071e+00 5.125858e-01
1.620000e+01 1.462338e+00 5.169807e-01
1.630000e+01 1.534320e+00 5.221500e-01
1.640000e+01 1.608951e+00 5.281446e-01
1.650000e+01 1.686132e+00 5.350195e-01
1.660000e+01 1.765723e+00 5.428341e-01
1.670000e+01 1.847540e+00 5.516525e-01
1.680000e+01 1.931348e+00 5.615435e-01
1.690000e+01 2.016854e+00 5.725808e-01
1.700000e+01 2.103701e+00 5.848424e-01
1.710000e+01 2.191464e+00 5.984111e-01
1.720000e+01 2.279644e+00 6.133736e-01
1.730000e+01 2.367661e+00 6.298200e-01
1.740000e+01 2.454852e+00 6.478428e-01
1.750000e+01 2.540469e+00 6.675356e-01
1.760000e+01 2.623679e+00 6.889913e-01
1.770000e+01 2.703566e+00 7.122999e-01
1.780000e+01 2.779139e+00 7.375458e-01
1.790000e+01 2.849341e+00 7.648042e-01
1.800000e+01 2.913067e+00 7.941370e-01
1.810000e+01 2.969182e+00 8.255884e-01
1.820000e+01 3.016551e+00 8.591793e-01
1.830000e+01 3.054066e+00 8.949020e-01
1.840000e+01 3.080689e+00 9.327140e-01
1.850000e+01 3.095488e+00 9.725327e-01
1.860000e+01 3.097685e+00 1.014230e+00
1.870000e+01 3.086695e+00 1.057627e+00
1.880000e+01 3.062166e+00 1.102495e+00
1.890000e+01 3.024014e+00 1.148550e+00
1.900000e+01 2.972449e+00 1.195459e+00
1.910000e+01 2.907977e+00 1.242840e+00
1.920000e+01 2.831405e+00 1.290277e+00
1.930000e+01 2.743815e+00 1.337323e+00
1.940000e+01 2.646530e+00 1.383518e+00
1.950000e+01 2.541064e+00 1.428401e+00
1.960000e+01 2.429063e+00 1.471525e+00
1.970000e+01 2.312239e+00 1.512475e+00
1.980000e+01 2.192307e+00 1.550875e+00
1.990000e+01 2.070923e+00 1.586403e+00
2.000000e+01 1.949629e+00 1.618798e+00
